2066293781
1013919160
519918511
1225844289
962744329
1188340809
1685891437
1281349794
314402437
1944428133
1280743303
983584332
1496940067
1195819358
537007032
1032130262
2015191962
1461951222
923338789
449216271
1097754532
1293244052
2106431765
1402419655
437446914
783109153
278451136
684534583
1605123222
2099470978
2085369920
520141070
1024177581
695066546
1928638628
1546789145
1298182239
2055725178
1410639652
152950925
1593417743
142954960
1893993838
1575704052
1926251534
65463754
2074101535
1357795250
372851804
1796087357
1567820109
1298733363
571578510
257500919
1658216769
4155572
46676683
972020116
827143234
737374122
1288227056
826729729
640330380
549179346
691262932
1098101387
35133280
530552534
429640869
1648050851
1060114485
418253465
852060273
670030640
285115660
1236971552
1685643713
1398079889
966839265
769824540
380703840
645847598
180203837
723948568
518520633
1889118137
993837032
783725371
465313886
844612615
749015484
63294907
331370277
1947208837
939465622
1275120607
1926223469
586964056
521799269
1085521326
1136308478
69684757
2068596580
228561977
1576397326
1393696538
2001750372
1738925442
1719288800
1133457031
1104746818
1042072840
1882941063
1062941148
1997023097
2087934704
365164745
2017909041
1999392976
2070971345
1856447775
1088699660
1245937716
543122204
1186868440
54988770
1153129376
1771205159
984664924
756821293
805473848
560215508
1999719310
1238155302
2143510902
1139107042
1925271883
1747639328
741963643
1515907280
1524791568
1827209345
639604871
1059767145
493227960
1266393693
374318468
595428081
1598112866
1000043952
25027005
1447726826
1073698417
739299384
278521260
627062659
163668397
794566637
863153392
954012062
835947142
1238699806
845173085
656329085
123300985
2056884266
1544365358
587413000
1351601292
46115543
1864433237
1796937405
968864243
1011909970
1068279027
1790608948
1935615701
1245758147
182482660
1548340046
689832744
1266807180
1207464561
125424378
367084472
520774431
880343593
816463011
2132119367
1089234809
1996145609
1166246713
879340495
116098623
737772632
1009151195
302761443
1829629811
1652558672
922389278
923831347
2047999443
742760182
2042115581
232341806
1142113486
284920779
1231489885
289277122
480789540
608631067
1330683195
1897117759
2029615897
408040626
787978356
1735982681
795096405
622970798
1134448176
1682700620
80153435
705480304
124529132
492996890
1027322020
1207758252
1131429411
1656286192
778127704
1200766624
1698148761
568771239
1041506728
789507170
789673796
1105763174
1394819274
741051473
1879399127
667698276
736227730
717265837
916130796
1613777099
804977322
296848451
2121167309
887822776
1632428142
1960225345
249115102
531924319
1047669350
1340493096
223212203
309608012
109987425
1622336991
1056998794
1442993348
1621574442
1973066723
2076098797
752002122
1390296298
1356745628
839939398
2119325501
316405018
1575016395
1735493271
1506722462
2120527906
925687840
1432343701
1185872880
685642387
1789791976
1839676280
1203612472
1782798334
1575768036
1617991522
2119613220
1093655919
2037015093
1908233321
145008968
1106090377
900618099
1757918531
2111002755
259308607
1427223004
1524144781
1079666560
715345964
1684009897
522597560
1465855321
1799837584
1554354556
2128325264
1959698005
2072215272
1467898358
35675754
2018605778
809377577
1272022118
695606250
1539394110
1917577624
609925276
1957697646
1651164223
1870870345
247628251
1522094107
1095920115
1719309874
243121900
2113890690
1174024529
990170603
1230160207
2034231790
1190347950
505820676
492563853
38282316
200603740
1843582978
1019924137
1217719480
1113733229
495089400
1068215989
54901408
1228460181
1163867839
2123949696
2099741591
1887047725
329596114
332281453
1767258296
575827028
1630880968
2105514591
1136160949
2143150640
1690419822
165423824
2097637499
1497430866
1507707776
568114433
47064195
715814456
1135518468
889656396
325917880
349156588
115630148
1758041749
22838528
838218697
1378601830
1193317855
2117969002
1799252573
1326655913
821387514
1986866418
50894954
1492996926
1513647450
324101619
1477583111
1876561089
188419076
1379257130
923940324
1452293714
1499610017
365077090
117879978
284574293
1075005877
1369999810
1531852929
1685988802
181671145
1972002991
1144684971
889148457
1579410052
573347167
454456653
1239730502
1924061432
957841660
1808602958
656310844
223170969
63642736
1888682072
2049345650
2128696168
1996290003
1632236028
1775603719
213362958
1958608495
1894664946
1028178931
699868132
208941420
1767390590
1650063803
830455343
32318237
488032749
1355097808
29650537
940612837
910729023
128553349
1858444730
1552382407
1480008671
1967314860
1258247046
1856069514
305793165
1008567500
1727875104
1300537477
1093527388
390894080
905457820
584986636
1336840407
736151919
1099085249
209466231
745392447
246982499
2000791581
1327258059
193550320
307163912
2123506483
1608500232
1607428834
1377298627
1513714128
1525213199
1368289354
601911341
1189455228
1095006253
2046666848
1897953195
1065546507
1963260232
1587401020
166277035
995690067
151605668
457535194
849969021
1352965879
752958035
167924028
1628351947
336914530
1632050487
1974606510
1349310135
257498832
2102757813
1364043813
49965456
1843540870
1888946680
1585405377
2086897712
1212498466
351388383
408582514
258851316
2003224845
1373431940
1393143222
556942425
1440986892
1994699114
1764583040
679230256
1194098678
115479106
528890421
683326077
160926336
303443034
1569597647
693185522
2121492788
539883683
