0
4202512
8405024
12607536
16810048
21012560
25215072
29417584
33620096
37822608
42025120
46227632
50430144
54632656
58835168
63037680
67240192
71442704
75645216
79847728
84050240
88252752
92455264
96657776
100860288
105062800
109265312
113467824
117670336
121872848
126075360
130277872
134480384
138682896
142885408
147087920
151290432
155492944
159695456
163897968
168100480
172302992
176505504
180708016
184910528
189113040
193315552
197518064
201720576
205923088
210125600
214328112
218530624
222733136
226935648
231138160
235340672
239543184
243745696
247948208
252150720
256353232
260555744
264758256
268960768
273163280
277365792
281568304
285770816
289973328
294175840
298378352
302580864
306783376
310985888
315188400
319390912
323593424
327795936
331998448
336200960
340403472
344605984
348808496
353011008
357213520
361416032
365618544
369821056
374023568
378226080
382428592
386631104
390833616
395036128
399238640
403441152
407643664
411846176
416048688
420251200
424453712
428656224
432858736
437061248
441263760
445466272
449668784
453871296
458073808
462276320
466478832
470681344
474883856
479086368
483288880
487491392
491693904
495896416
500098928
504301440
508503952
512706464
516908976
521111488
525314000
529516512
533719024
537921536
542124048
546326560
550529072
554731584
558934096
563136608
567339120
571541632
575744144
579946656
584149168
588351680
592554192
596756704
600959216
605161728
609364240
613566752
617769264
621971776
626174288
630376800
634579312
638781824
642984336
647186848
651389360
655591872
659794384
663996896
668199408
672401920
676604432
680806944
685009456
689211968
693414480
697616992
701819504
706022016
710224528
714427040
718629552
722832064
727034576
731237088
735439600
739642112
743844624
748047136
752249648
756452160
760654672
764857184
769059696
773262208
777464720
781667232
785869744
790072256
794274768
798477280
802679792
806882304
811084816
815287328
819489840
823692352
827894864
832097376
836299888
840502400
844704912
848907424
853109936
857312448
861514960
865717472
869919984
874122496
878325008
882527520
886730032
890932544
895135056
899337568
903540080
907742592
911945104
916147616
920350128
924552640
928755152
932957664
937160176
941362688
945565200
949767712
953970224
958172736
962375248
966577760
970780272
974982784
979185296
983387808
987590320
991792832
995995344
1000197856
1004400368
1008602880
1012805392
1017007904
1021210416
1025412928
1029615440
1033817952
1038020464
1042222976
1046425488
1050628000
1054830512
1059033024
1063235536
1067438048
1071640560
1075843072
1080045584
1084248096
1088450608
1092653120
1096855632
1101058144
1105260656
1109463168
1113665680
1117868192
1122070704
1126273216
1130475728
1134678240
1138880752
1143083264
1147285776
1151488288
1155690800
1159893312
1164095824
1168298336
1172500848
1176703360
1180905872
1185108384
1189310896
1193513408
1197715920
1201918432
1206120944
1210323456
1214525968
1218728480
1222930992
1227133504
1231336016
1235538528
1239741040
1243943552
1248146064
1252348576
1256551088
1260753600
1264956112
1269158624
1273361136
1277563648
1281766160
1285968672
1290171184
1294373696
1298576208
1302778720
1306981232
1311183744
1315386256
1319588768
1323791280
1327993792
1332196304
1336398816
1340601328
1344803840
1349006352
1353208864
1357411376
1361613888
1365816400
1370018912
1374221424
1378423936
1382626448
1386828960
1391031472
1395233984
1399436496
1403639008
1407841520
1412044032
1416246544
1420449056
1424651568
1428854080
1433056592
1437259104
1441461616
1445664128
1449866640
1454069152
1458271664
1462474176
1466676688
1470879200
1475081712
1479284224
1483486736
1487689248
1491891760
1496094272
1500296784
1504499296
1508701808
1512904320
1517106832
1521309344
1525511856
1529714368
1533916880
1538119392
1542321904
1546524416
1550726928
1554929440
1559131952
1563334464
1567536976
1571739488
1575942000
1580144512
1584347024
1588549536
1592752048
1596954560
1601157072
1605359584
1609562096
1613764608
1617967120
1622169632
1626372144
1630574656
1634777168
1638979680
1643182192
1647384704
1651587216
1655789728
1659992240
1664194752
1668397264
1672599776
1676802288
1681004800
1685207312
1689409824
1693612336
1697814848
1702017360
1706219872
1710422384
1714624896
1718827408
1723029920
1727232432
1731434944
1735637456
1739839968
1744042480
1748244992
1752447504
1756650016
1760852528
1765055040
1769257552
1773460064
1777662576
1781865088
1786067600
1790270112
1794472624
1798675136
1802877648
1807080160
1811282672
1815485184
1819687696
1823890208
1828092720
1832295232
1836497744
1840700256
1844902768
1849105280
1853307792
1857510304
1861712816
1865915328
1870117840
1874320352
1878522864
1882725376
1886927888
1891130400
1895332912
1899535424
1903737936
1907940448
1912142960
1916345472
1920547984
1924750496
1928953008
1933155520
1937358032
1941560544
1945763056
1949965568
1954168080
1958370592
1962573104
1966775616
1970978128
1975180640
1979383152
1983585664
1987788176
1991990688
1996193200
2000395712
2004598224
2008800736
2013003248
2017205760
2021408272
2025610784
2029813296
2034015808
2038218320
2042420832
2046623344
2050825856
2055028368
2059230880
2063433392
2067635904
2071838416
2076040928
2080243440
2084445952
2088648464
2092850976
2097053488
2101256000
2105458512
2109661024
2113863536
2118066048
2122268560
2126471072
2130673584
2134876096
2139078608
2143281120
2147483632
