2147483632
2143281120
2139078608
2134876096
2130673584
2126471072
2122268560
2118066048
2113863536
2109661024
2105458512
2101256000
2097053488
2092850976
2088648464
2084445952
2080243440
2076040928
2071838416
2067635904
2063433392
2059230880
2055028368
2050825856
2046623344
2042420832
2038218320
2034015808
2029813296
2025610784
2021408272
2017205760
2013003248
2008800736
2004598224
2000395712
1996193200
1991990688
1987788176
1983585664
1979383152
1975180640
1970978128
1966775616
1962573104
1958370592
1954168080
1949965568
1945763056
1941560544
1937358032
1933155520
1928953008
1924750496
1920547984
1916345472
1912142960
1907940448
1903737936
1899535424
1895332912
1891130400
1886927888
1882725376
1878522864
1874320352
1870117840
1865915328
1861712816
1857510304
1853307792
1849105280
1844902768
1840700256
1836497744
1832295232
1828092720
1823890208
1819687696
1815485184
1811282672
1807080160
1802877648
1798675136
1794472624
1790270112
1786067600
1781865088
1777662576
1773460064
1769257552
1765055040
1760852528
1756650016
1752447504
1748244992
1744042480
1739839968
1735637456
1731434944
1727232432
1723029920
1718827408
1714624896
1710422384
1706219872
1702017360
1697814848
1693612336
1689409824
1685207312
1681004800
1676802288
1672599776
1668397264
1664194752
1659992240
1655789728
1651587216
1647384704
1643182192
1638979680
1634777168
1630574656
1626372144
1622169632
1617967120
1613764608
1609562096
1605359584
1601157072
1596954560
1592752048
1588549536
1584347024
1580144512
1575942000
1571739488
1567536976
1563334464
1559131952
1554929440
1550726928
1546524416
1542321904
1538119392
1533916880
1529714368
1525511856
1521309344
1517106832
1512904320
1508701808
1504499296
1500296784
1496094272
1491891760
1487689248
1483486736
1479284224
1475081712
1470879200
1466676688
1462474176
1458271664
1454069152
1449866640
1445664128
1441461616
1437259104
1433056592
1428854080
1424651568
1420449056
1416246544
1412044032
1407841520
1403639008
1399436496
1395233984
1391031472
1386828960
1382626448
1378423936
1374221424
1370018912
1365816400
1361613888
1357411376
1353208864
1349006352
1344803840
1340601328
1336398816
1332196304
1327993792
1323791280
1319588768
1315386256
1311183744
1306981232
1302778720
1298576208
1294373696
1290171184
1285968672
1281766160
1277563648
1273361136
1269158624
1264956112
1260753600
1256551088
1252348576
1248146064
1243943552
1239741040
1235538528
1231336016
1227133504
1222930992
1218728480
1214525968
1210323456
1206120944
1201918432
1197715920
1193513408
1189310896
1185108384
1180905872
1176703360
1172500848
1168298336
1164095824
1159893312
1155690800
1151488288
1147285776
1143083264
1138880752
1134678240
1130475728
1126273216
1122070704
1117868192
1113665680
1109463168
1105260656
1101058144
1096855632
1092653120
1088450608
1084248096
1080045584
1075843072
1071640560
1067438048
1063235536
1059033024
1054830512
1050628000
1046425488
1042222976
1038020464
1033817952
1029615440
1025412928
1021210416
1017007904
1012805392
1008602880
1004400368
1000197856
995995344
991792832
987590320
983387808
979185296
974982784
970780272
966577760
962375248
958172736
953970224
949767712
945565200
941362688
937160176
932957664
928755152
924552640
920350128
916147616
911945104
907742592
903540080
899337568
895135056
890932544
886730032
882527520
878325008
874122496
869919984
865717472
861514960
857312448
853109936
848907424
844704912
840502400
836299888
832097376
827894864
823692352
819489840
815287328
811084816
806882304
802679792
798477280
794274768
790072256
785869744
781667232
777464720
773262208
769059696
764857184
760654672
756452160
752249648
748047136
743844624
739642112
735439600
731237088
727034576
722832064
718629552
714427040
710224528
706022016
701819504
697616992
693414480
689211968
685009456
680806944
676604432
672401920
668199408
663996896
659794384
655591872
651389360
647186848
642984336
638781824
634579312
630376800
626174288
621971776
617769264
613566752
609364240
605161728
600959216
596756704
592554192
588351680
584149168
579946656
575744144
571541632
567339120
563136608
558934096
554731584
550529072
546326560
542124048
537921536
533719024
529516512
525314000
521111488
516908976
512706464
508503952
504301440
500098928
495896416
491693904
487491392
483288880
479086368
474883856
470681344
466478832
462276320
458073808
453871296
449668784
445466272
441263760
437061248
432858736
428656224
424453712
420251200
416048688
411846176
407643664
403441152
399238640
395036128
390833616
386631104
382428592
378226080
374023568
369821056
365618544
361416032
357213520
353011008
348808496
344605984
340403472
336200960
331998448
327795936
323593424
319390912
315188400
310985888
306783376
302580864
298378352
294175840
289973328
285770816
281568304
277365792
273163280
268960768
264758256
260555744
256353232
252150720
247948208
243745696
239543184
235340672
231138160
226935648
222733136
218530624
214328112
210125600
205923088
201720576
197518064
193315552
189113040
184910528
180708016
176505504
172302992
168100480
163897968
159695456
155492944
151290432
147087920
142885408
138682896
134480384
130277872
126075360
121872848
117670336
113467824
109265312
105062800
100860288
96657776
92455264
88252752
84050240
79847728
75645216
71442704
67240192
63037680
58835168
54632656
50430144
46227632
42025120
37822608
33620096
29417584
25215072
21012560
16810048
12607536
8405024
4202512
0
