0
262176
524352
786528
1048704
1310880
1573056
1835232
2097408
2359584
2621760
2883936
3146112
3408288
3670464
3932640
4194816
4456992
4719168
4981344
5243520
5505696
5767872
6030048
6292224
6554400
6816576
7078752
7340928
7603104
7865280
8127456
8389632
8651808
8913984
9176160
9438336
9700512
9962688
10224864
10487040
10749216
11011392
11273568
11535744
11797920
12060096
12322272
12584448
12846624
13108800
13370976
13633152
13895328
14157504
14419680
14681856
14944032
15206208
15468384
15730560
15992736
16254912
16517088
16779264
17041440
17303616
17565792
17827968
18090144
18352320
18614496
18876672
19138848
19401024
19663200
19925376
20187552
20449728
20711904
20974080
21236256
21498432
21760608
22022784
22284960
22547136
22809312
23071488
23333664
23595840
23858016
24120192
24382368
24644544
24906720
25168896
25431072
25693248
25955424
26217600
26479776
26741952
27004128
27266304
27528480
27790656
28052832
28315008
28577184
28839360
29101536
29363712
29625888
29888064
30150240
30412416
30674592
30936768
31198944
31461120
31723296
31985472
32247648
32509824
32772000
33034176
33296352
33558528
33820704
34082880
34345056
34607232
34869408
35131584
35393760
35655936
35918112
36180288
36442464
36704640
36966816
37228992
37491168
37753344
38015520
38277696
38539872
38802048
39064224
39326400
39588576
39850752
40112928
40375104
40637280
40899456
41161632
41423808
41685984
41948160
42210336
42472512
42734688
42996864
43259040
43521216
43783392
44045568
44307744
44569920
44832096
45094272
45356448
45618624
45880800
46142976
46405152
46667328
46929504
47191680
47453856
47716032
47978208
48240384
48502560
48764736
49026912
49289088
49551264
49813440
50075616
50337792
50599968
50862144
51124320
51386496
51648672
51910848
52173024
52435200
52697376
52959552
53221728
53483904
53746080
54008256
54270432
54532608
54794784
55056960
55319136
55581312
55843488
56105664
56367840
56630016
56892192
57154368
57416544
57678720
57940896
58203072
58465248
58727424
58989600
59251776
59513952
59776128
60038304
60300480
60562656
60824832
61087008
61349184
61611360
61873536
62135712
62397888
62660064
62922240
63184416
63446592
63708768
63970944
64233120
64495296
64757472
65019648
65281824
65544000
65806176
66068352
66330528
66592704
66854880
67117056
67379232
67641408
67903584
68165760
68427936
68690112
68952288
69214464
69476640
69738816
70000992
70263168
70525344
70787520
71049696
71311872
71574048
71836224
72098400
72360576
72622752
72884928
73147104
73409280
73671456
73933632
74195808
74457984
74720160
74982336
75244512
75506688
75768864
76031040
76293216
76555392
76817568
77079744
77341920
77604096
77866272
78128448
78390624
78652800
78914976
79177152
79439328
79701504
79963680
80225856
80488032
80750208
81012384
81274560
81536736
81798912
82061088
82323264
82585440
82847616
83109792
83371968
83634144
83896320
84158496
84420672
84682848
84945024
85207200
85469376
85731552
85993728
86255904
86518080
86780256
87042432
87304608
87566784
87828960
88091136
88353312
88615488
88877664
89139840
89402016
89664192
89926368
90188544
90450720
90712896
90975072
91237248
91499424
91761600
92023776
92285952
92548128
92810304
93072480
93334656
93596832
93859008
94121184
94383360
94645536
94907712
95169888
95432064
95694240
95956416
96218592
96480768
96742944
97005120
97267296
97529472
97791648
98053824
98316000
98578176
98840352
99102528
99364704
99626880
99889056
100151232
100413408
100675584
100937760
101199936
101462112
101724288
101986464
102248640
102510816
102772992
103035168
103297344
103559520
103821696
104083872
104346048
104608224
104870400
105132576
105394752
105656928
105919104
106181280
106443456
106705632
106967808
107229984
107492160
107754336
108016512
108278688
108540864
108803040
109065216
109327392
109589568
109851744
110113920
110376096
110638272
110900448
111162624
111424800
111686976
111949152
112211328
112473504
112735680
112997856
113260032
113522208
113784384
114046560
114308736
114570912
114833088
115095264
115357440
115619616
115881792
116143968
116406144
116668320
116930496
117192672
117454848
117717024
117979200
118241376
118503552
118765728
119027904
119290080
119552256
119814432
120076608
120338784
120600960
120863136
121125312
121387488
121649664
121911840
122174016
122436192
122698368
122960544
123222720
123484896
123747072
124009248
124271424
124533600
124795776
125057952
125320128
125582304
125844480
126106656
126368832
126631008
126893184
127155360
127417536
127679712
127941888
128204064
128466240
128728416
128990592
129252768
129514944
129777120
130039296
130301472
130563648
130825824
131088000
131350176
131612352
131874528
132136704
132398880
132661056
132923232
133185408
133447584
133709760
133971936
134234112
134496288
134758464
135020640
135282816
135544992
135807168
136069344
136331520
136593696
136855872
137118048
137380224
137642400
137904576
138166752
138428928
138691104
138953280
139215456
139477632
139739808
140001984
140264160
140526336
140788512
141050688
141312864
141575040
141837216
142099392
142361568
142623744
142885920
143148096
143410272
143672448
143934624
144196800
144458976
144721152
144983328
145245504
145507680
145769856
146032032
146294208
146556384
146818560
147080736
147342912
147605088
147867264
148129440
148391616
148653792
148915968
149178144
149440320
149702496
149964672
150226848
150489024
150751200
151013376
151275552
151537728
151799904
152062080
152324256
152586432
152848608
153110784
153372960
153635136
153897312
154159488
154421664
154683840
154946016
155208192
155470368
155732544
155994720
156256896
156519072
156781248
157043424
157305600
157567776
157829952
158092128
158354304
158616480
158878656
159140832
159403008
159665184
159927360
160189536
160451712
160713888
160976064
161238240
161500416
161762592
162024768
162286944
162549120
162811296
163073472
163335648
163597824
163860000
164122176
164384352
164646528
164908704
165170880
165433056
165695232
165957408
166219584
166481760
166743936
167006112
167268288
167530464
167792640
168054816
168316992
168579168
168841344
169103520
169365696
169627872
169890048
170152224
170414400
170676576
170938752
171200928
171463104
171725280
171987456
172249632
172511808
172773984
173036160
173298336
173560512
173822688
174084864
174347040
174609216
174871392
175133568
175395744
175657920
175920096
176182272
176444448
176706624
176968800
177230976
177493152
177755328
178017504
178279680
178541856
178804032
179066208
179328384
179590560
179852736
180114912
180377088
180639264
180901440
181163616
181425792
181687968
181950144
182212320
182474496
182736672
182998848
183261024
183523200
183785376
184047552
184309728
184571904
184834080
185096256
185358432
185620608
185882784
186144960
186407136
186669312
186931488
187193664
187455840
187718016
187980192
188242368
188504544
188766720
189028896
189291072
189553248
189815424
190077600
190339776
190601952
190864128
191126304
191388480
191650656
191912832
192175008
192437184
192699360
192961536
193223712
193485888
193748064
194010240
194272416
194534592
194796768
195058944
195321120
195583296
195845472
196107648
196369824
196632000
196894176
197156352
197418528
197680704
197942880
198205056
198467232
198729408
198991584
199253760
199515936
199778112
200040288
200302464
200564640
200826816
201088992
201351168
201613344
201875520
202137696
202399872
202662048
202924224
203186400
203448576
203710752
203972928
204235104
204497280
204759456
205021632
205283808
205545984
205808160
206070336
206332512
206594688
206856864
207119040
207381216
207643392
207905568
208167744
208429920
208692096
208954272
209216448
209478624
209740800
210002976
210265152
210527328
210789504
211051680
211313856
211576032
211838208
212100384
212362560
212624736
212886912
213149088
213411264
213673440
213935616
214197792
214459968
214722144
214984320
215246496
215508672
215770848
216033024
216295200
216557376
216819552
217081728
217343904
217606080
217868256
218130432
218392608
218654784
218916960
219179136
219441312
219703488
219965664
220227840
220490016
220752192
221014368
221276544
221538720
221800896
222063072
222325248
222587424
222849600
223111776
223373952
223636128
223898304
224160480
224422656
224684832
224947008
225209184
225471360
225733536
225995712
226257888
226520064
226782240
227044416
227306592
227568768
227830944
228093120
228355296
228617472
228879648
229141824
229404000
229666176
229928352
230190528
230452704
230714880
230977056
231239232
231501408
231763584
232025760
232287936
232550112
232812288
233074464
233336640
233598816
233860992
234123168
234385344
234647520
234909696
235171872
235434048
235696224
235958400
236220576
236482752
236744928
237007104
237269280
237531456
237793632
238055808
238317984
238580160
238842336
239104512
239366688
239628864
239891040
240153216
240415392
240677568
240939744
241201920
241464096
241726272
241988448
242250624
242512800
242774976
243037152
243299328
243561504
243823680
244085856
244348032
244610208
244872384
245134560
245396736
245658912
245921088
246183264
246445440
246707616
246969792
247231968
247494144
247756320
248018496
248280672
248542848
248805024
249067200
249329376
249591552
249853728
250115904
250378080
250640256
250902432
251164608
251426784
251688960
251951136
252213312
252475488
252737664
252999840
253262016
253524192
253786368
254048544
254310720
254572896
254835072
255097248
255359424
255621600
255883776
256145952
256408128
256670304
256932480
257194656
257456832
257719008
257981184
258243360
258505536
258767712
259029888
259292064
259554240
259816416
260078592
260340768
260602944
260865120
261127296
261389472
261651648
261913824
262176000
262438176
262700352
262962528
263224704
263486880
263749056
264011232
264273408
264535584
264797760
265059936
265322112
265584288
265846464
266108640
266370816
266632992
266895168
267157344
267419520
267681696
267943872
268206048
268468224
268730400
268992576
269254752
269516928
269779104
270041280
270303456
270565632
270827808
271089984
271352160
271614336
271876512
272138688
272400864
272663040
272925216
273187392
273449568
273711744
273973920
274236096
274498272
274760448
275022624
275284800
275546976
275809152
276071328
276333504
276595680
276857856
277120032
277382208
277644384
277906560
278168736
278430912
278693088
278955264
279217440
279479616
279741792
280003968
280266144
280528320
280790496
281052672
281314848
281577024
281839200
282101376
282363552
282625728
282887904
283150080
283412256
283674432
283936608
284198784
284460960
284723136
284985312
285247488
285509664
285771840
286034016
286296192
286558368
286820544
287082720
287344896
287607072
287869248
288131424
288393600
288655776
288917952
289180128
289442304
289704480
289966656
290228832
290491008
290753184
291015360
291277536
291539712
291801888
292064064
292326240
292588416
292850592
293112768
293374944
293637120
293899296
294161472
294423648
294685824
294948000
295210176
295472352
295734528
295996704
296258880
296521056
296783232
297045408
297307584
297569760
297831936
298094112
298356288
298618464
298880640
299142816
299404992
299667168
299929344
300191520
300453696
300715872
300978048
301240224
301502400
301764576
302026752
302288928
302551104
302813280
303075456
303337632
303599808
303861984
304124160
304386336
304648512
304910688
305172864
305435040
305697216
305959392
306221568
306483744
306745920
307008096
307270272
307532448
307794624
308056800
308318976
308581152
308843328
309105504
309367680
309629856
309892032
310154208
310416384
310678560
310940736
311202912
311465088
311727264
311989440
312251616
312513792
312775968
313038144
313300320
313562496
313824672
314086848
314349024
314611200
314873376
315135552
315397728
315659904
315922080
316184256
316446432
316708608
316970784
317232960
317495136
317757312
318019488
318281664
318543840
318806016
319068192
319330368
319592544
319854720
320116896
320379072
320641248
320903424
321165600
321427776
321689952
321952128
322214304
322476480
322738656
323000832
323263008
323525184
323787360
324049536
324311712
324573888
324836064
325098240
325360416
325622592
325884768
326146944
326409120
326671296
326933472
327195648
327457824
327720000
327982176
328244352
328506528
328768704
329030880
329293056
329555232
329817408
330079584
330341760
330603936
330866112
331128288
331390464
331652640
331914816
332176992
332439168
332701344
332963520
333225696
333487872
333750048
334012224
334274400
334536576
334798752
335060928
335323104
335585280
335847456
336109632
336371808
336633984
336896160
337158336
337420512
337682688
337944864
338207040
338469216
338731392
338993568
339255744
339517920
339780096
340042272
340304448
340566624
340828800
341090976
341353152
341615328
341877504
342139680
342401856
342664032
342926208
343188384
343450560
343712736
343974912
344237088
344499264
344761440
345023616
345285792
345547968
345810144
346072320
346334496
346596672
346858848
347121024
347383200
347645376
347907552
348169728
348431904
348694080
348956256
349218432
349480608
349742784
350004960
350267136
350529312
350791488
351053664
351315840
351578016
351840192
352102368
352364544
352626720
352888896
353151072
353413248
353675424
353937600
354199776
354461952
354724128
354986304
355248480
355510656
355772832
356035008
356297184
356559360
356821536
357083712
357345888
357608064
357870240
358132416
358394592
358656768
358918944
359181120
359443296
359705472
359967648
360229824
360492000
360754176
361016352
361278528
361540704
361802880
362065056
362327232
362589408
362851584
363113760
363375936
363638112
363900288
364162464
364424640
364686816
364948992
365211168
365473344
365735520
365997696
366259872
366522048
366784224
367046400
367308576
367570752
367832928
368095104
368357280
368619456
368881632
369143808
369405984
369668160
369930336
370192512
370454688
370716864
370979040
371241216
371503392
371765568
372027744
372289920
372552096
372814272
373076448
373338624
373600800
373862976
374125152
374387328
374649504
374911680
375173856
375436032
375698208
375960384
376222560
376484736
376746912
377009088
377271264
377533440
377795616
378057792
378319968
378582144
378844320
379106496
379368672
379630848
379893024
380155200
380417376
380679552
380941728
381203904
381466080
381728256
381990432
382252608
382514784
382776960
383039136
383301312
383563488
383825664
384087840
384350016
384612192
384874368
385136544
385398720
385660896
385923072
386185248
386447424
386709600
386971776
387233952
387496128
387758304
388020480
388282656
388544832
388807008
389069184
389331360
389593536
389855712
390117888
390380064
390642240
390904416
391166592
391428768
391690944
391953120
392215296
392477472
392739648
393001824
393264000
393526176
393788352
394050528
394312704
394574880
394837056
395099232
395361408
395623584
395885760
396147936
396410112
396672288
396934464
397196640
397458816
397720992
397983168
398245344
398507520
398769696
399031872
399294048
399556224
399818400
400080576
400342752
400604928
400867104
401129280
401391456
401653632
401915808
402177984
402440160
402702336
402964512
403226688
403488864
403751040
404013216
404275392
404537568
404799744
405061920
405324096
405586272
405848448
406110624
406372800
406634976
406897152
407159328
407421504
407683680
407945856
408208032
408470208
408732384
408994560
409256736
409518912
409781088
410043264
410305440
410567616
410829792
411091968
411354144
411616320
411878496
412140672
412402848
412665024
412927200
413189376
413451552
413713728
413975904
414238080
414500256
414762432
415024608
415286784
415548960
415811136
416073312
416335488
416597664
416859840
417122016
417384192
417646368
417908544
418170720
418432896
418695072
418957248
419219424
419481600
419743776
420005952
420268128
420530304
420792480
421054656
421316832
421579008
421841184
422103360
422365536
422627712
422889888
423152064
423414240
423676416
423938592
424200768
424462944
424725120
424987296
425249472
425511648
425773824
426036000
426298176
426560352
426822528
427084704
427346880
427609056
427871232
428133408
428395584
428657760
428919936
429182112
429444288
429706464
429968640
430230816
430492992
430755168
431017344
431279520
431541696
431803872
432066048
432328224
432590400
432852576
433114752
433376928
433639104
433901280
434163456
434425632
434687808
434949984
435212160
435474336
435736512
435998688
436260864
436523040
436785216
437047392
437309568
437571744
437833920
438096096
438358272
438620448
438882624
439144800
439406976
439669152
439931328
440193504
440455680
440717856
440980032
441242208
441504384
441766560
442028736
442290912
442553088
442815264
443077440
443339616
443601792
443863968
444126144
444388320
444650496
444912672
445174848
445437024
445699200
445961376
446223552
446485728
446747904
447010080
447272256
447534432
447796608
448058784
448320960
448583136
448845312
449107488
449369664
449631840
449894016
450156192
450418368
450680544
450942720
451204896
451467072
451729248
451991424
452253600
452515776
452777952
453040128
453302304
453564480
453826656
454088832
454351008
454613184
454875360
455137536
455399712
455661888
455924064
456186240
456448416
456710592
456972768
457234944
457497120
457759296
458021472
458283648
458545824
458808000
459070176
459332352
459594528
459856704
460118880
460381056
460643232
460905408
461167584
461429760
461691936
461954112
462216288
462478464
462740640
463002816
463264992
463527168
463789344
464051520
464313696
464575872
464838048
465100224
465362400
465624576
465886752
466148928
466411104
466673280
466935456
467197632
467459808
467721984
467984160
468246336
468508512
468770688
469032864
469295040
469557216
469819392
470081568
470343744
470605920
470868096
471130272
471392448
471654624
471916800
472178976
472441152
472703328
472965504
473227680
473489856
473752032
474014208
474276384
474538560
474800736
475062912
475325088
475587264
475849440
476111616
476373792
476635968
476898144
477160320
477422496
477684672
477946848
478209024
478471200
478733376
478995552
479257728
479519904
479782080
480044256
480306432
480568608
480830784
481092960
481355136
481617312
481879488
482141664
482403840
482666016
482928192
483190368
483452544
483714720
483976896
484239072
484501248
484763424
485025600
485287776
485549952
485812128
486074304
486336480
486598656
486860832
487123008
487385184
487647360
487909536
488171712
488433888
488696064
488958240
489220416
489482592
489744768
490006944
490269120
490531296
490793472
491055648
491317824
491580000
491842176
492104352
492366528
492628704
492890880
493153056
493415232
493677408
493939584
494201760
494463936
494726112
494988288
495250464
495512640
495774816
496036992
496299168
496561344
496823520
497085696
497347872
497610048
497872224
498134400
498396576
498658752
498920928
499183104
499445280
499707456
499969632
500231808
500493984
500756160
501018336
501280512
501542688
501804864
502067040
502329216
502591392
502853568
503115744
503377920
503640096
503902272
504164448
504426624
504688800
504950976
505213152
505475328
505737504
505999680
506261856
506524032
506786208
507048384
507310560
507572736
507834912
508097088
508359264
508621440
508883616
509145792
509407968
509670144
509932320
510194496
510456672
510718848
510981024
511243200
511505376
511767552
512029728
512291904
512554080
512816256
513078432
513340608
513602784
513864960
514127136
514389312
514651488
514913664
515175840
515438016
515700192
515962368
516224544
516486720
516748896
517011072
517273248
517535424
517797600
518059776
518321952
518584128
518846304
519108480
519370656
519632832
519895008
520157184
520419360
520681536
520943712
521205888
521468064
521730240
521992416
522254592
522516768
522778944
523041120
523303296
523565472
523827648
524089824
524352000
524614176
524876352
525138528
525400704
525662880
525925056
526187232
526449408
526711584
526973760
527235936
527498112
527760288
528022464
528284640
528546816
528808992
529071168
529333344
529595520
529857696
530119872
530382048
530644224
530906400
531168576
531430752
531692928
531955104
532217280
532479456
532741632
533003808
533265984
533528160
533790336
534052512
534314688
534576864
534839040
535101216
535363392
535625568
535887744
536149920
536412096
536674272
536936448
537198624
537460800
537722976
537985152
538247328
538509504
538771680
539033856
539296032
539558208
539820384
540082560
540344736
540606912
540869088
541131264
541393440
541655616
541917792
542179968
542442144
542704320
542966496
543228672
543490848
543753024
544015200
544277376
544539552
544801728
545063904
545326080
545588256
545850432
546112608
546374784
546636960
546899136
547161312
547423488
547685664
547947840
548210016
548472192
548734368
548996544
549258720
549520896
549783072
550045248
550307424
550569600
550831776
551093952
551356128
551618304
551880480
552142656
552404832
552667008
552929184
553191360
553453536
553715712
553977888
554240064
554502240
554764416
555026592
555288768
555550944
555813120
556075296
556337472
556599648
556861824
557124000
557386176
557648352
557910528
558172704
558434880
558697056
558959232
559221408
559483584
559745760
560007936
560270112
560532288
560794464
561056640
561318816
561580992
561843168
562105344
562367520
562629696
562891872
563154048
563416224
563678400
563940576
564202752
564464928
564727104
564989280
565251456
565513632
565775808
566037984
566300160
566562336
566824512
567086688
567348864
567611040
567873216
568135392
568397568
568659744
568921920
569184096
569446272
569708448
569970624
570232800
570494976
570757152
571019328
571281504
571543680
571805856
572068032
572330208
572592384
572854560
573116736
573378912
573641088
573903264
574165440
574427616
574689792
574951968
575214144
575476320
575738496
576000672
576262848
576525024
576787200
577049376
577311552
577573728
577835904
578098080
578360256
578622432
578884608
579146784
579408960
579671136
579933312
580195488
580457664
580719840
580982016
581244192
581506368
581768544
582030720
582292896
582555072
582817248
583079424
583341600
583603776
583865952
584128128
584390304
584652480
584914656
585176832
585439008
585701184
585963360
586225536
586487712
586749888
587012064
587274240
587536416
587798592
588060768
588322944
588585120
588847296
589109472
589371648
589633824
589896000
590158176
590420352
590682528
590944704
591206880
591469056
591731232
591993408
592255584
592517760
592779936
593042112
593304288
593566464
593828640
594090816
594352992
594615168
594877344
595139520
595401696
595663872
595926048
596188224
596450400
596712576
596974752
597236928
597499104
597761280
598023456
598285632
598547808
598809984
599072160
599334336
599596512
599858688
600120864
600383040
600645216
600907392
601169568
601431744
601693920
601956096
602218272
602480448
602742624
603004800
603266976
603529152
603791328
604053504
604315680
604577856
604840032
605102208
605364384
605626560
605888736
606150912
606413088
606675264
606937440
607199616
607461792
607723968
607986144
608248320
608510496
608772672
609034848
609297024
609559200
609821376
610083552
610345728
610607904
610870080
611132256
611394432
611656608
611918784
612180960
612443136
612705312
612967488
613229664
613491840
613754016
614016192
614278368
614540544
614802720
615064896
615327072
615589248
615851424
616113600
616375776
616637952
616900128
617162304
617424480
617686656
617948832
618211008
618473184
618735360
618997536
619259712
619521888
619784064
620046240
620308416
620570592
620832768
621094944
621357120
621619296
621881472
622143648
622405824
622668000
622930176
623192352
623454528
623716704
623978880
624241056
624503232
624765408
625027584
625289760
625551936
625814112
626076288
626338464
626600640
626862816
627124992
627387168
627649344
627911520
628173696
628435872
628698048
628960224
629222400
629484576
629746752
630008928
630271104
630533280
630795456
631057632
631319808
631581984
631844160
632106336
632368512
632630688
632892864
633155040
633417216
633679392
633941568
634203744
634465920
634728096
634990272
635252448
635514624
635776800
636038976
636301152
636563328
636825504
637087680
637349856
637612032
637874208
638136384
638398560
638660736
638922912
639185088
639447264
639709440
639971616
640233792
640495968
640758144
641020320
641282496
641544672
641806848
642069024
642331200
642593376
642855552
643117728
643379904
643642080
643904256
644166432
644428608
644690784
644952960
645215136
645477312
645739488
646001664
646263840
646526016
646788192
647050368
647312544
647574720
647836896
648099072
648361248
648623424
648885600
649147776
649409952
649672128
649934304
650196480
650458656
650720832
650983008
651245184
651507360
651769536
652031712
652293888
652556064
652818240
653080416
653342592
653604768
653866944
654129120
654391296
654653472
654915648
655177824
655440000
655702176
655964352
656226528
656488704
656750880
657013056
657275232
657537408
657799584
658061760
658323936
658586112
658848288
659110464
659372640
659634816
659896992
660159168
660421344
660683520
660945696
661207872
661470048
661732224
661994400
662256576
662518752
662780928
663043104
663305280
663567456
663829632
664091808
664353984
664616160
664878336
665140512
665402688
665664864
665927040
666189216
666451392
666713568
666975744
667237920
667500096
667762272
668024448
668286624
668548800
668810976
669073152
669335328
669597504
669859680
670121856
670384032
670646208
670908384
671170560
671432736
671694912
671957088
672219264
672481440
672743616
673005792
673267968
673530144
673792320
674054496
674316672
674578848
674841024
675103200
675365376
675627552
675889728
676151904
676414080
676676256
676938432
677200608
677462784
677724960
677987136
678249312
678511488
678773664
679035840
679298016
679560192
679822368
680084544
680346720
680608896
680871072
681133248
681395424
681657600
681919776
682181952
682444128
682706304
682968480
683230656
683492832
683755008
684017184
684279360
684541536
684803712
685065888
685328064
685590240
685852416
686114592
686376768
686638944
686901120
687163296
687425472
687687648
687949824
688212000
688474176
688736352
688998528
689260704
689522880
689785056
690047232
690309408
690571584
690833760
691095936
691358112
691620288
691882464
692144640
692406816
692668992
692931168
693193344
693455520
693717696
693979872
694242048
694504224
694766400
695028576
695290752
695552928
695815104
696077280
696339456
696601632
696863808
697125984
697388160
697650336
697912512
698174688
698436864
698699040
698961216
699223392
699485568
699747744
700009920
700272096
700534272
700796448
701058624
701320800
701582976
701845152
702107328
702369504
702631680
702893856
703156032
703418208
703680384
703942560
704204736
704466912
704729088
704991264
705253440
705515616
705777792
706039968
706302144
706564320
706826496
707088672
707350848
707613024
707875200
708137376
708399552
708661728
708923904
709186080
709448256
709710432
709972608
710234784
710496960
710759136
711021312
711283488
711545664
711807840
712070016
712332192
712594368
712856544
713118720
713380896
713643072
713905248
714167424
714429600
714691776
714953952
715216128
715478304
715740480
716002656
716264832
716527008
716789184
717051360
717313536
717575712
717837888
718100064
718362240
718624416
718886592
719148768
719410944
719673120
719935296
720197472
720459648
720721824
720984000
721246176
721508352
721770528
722032704
722294880
722557056
722819232
723081408
723343584
723605760
723867936
724130112
724392288
724654464
724916640
725178816
725440992
725703168
725965344
726227520
726489696
726751872
727014048
727276224
727538400
727800576
728062752
728324928
728587104
728849280
729111456
729373632
729635808
729897984
730160160
730422336
730684512
730946688
731208864
731471040
731733216
731995392
732257568
732519744
732781920
733044096
733306272
733568448
733830624
734092800
734354976
734617152
734879328
735141504
735403680
735665856
735928032
736190208
736452384
736714560
736976736
737238912
737501088
737763264
738025440
738287616
738549792
738811968
739074144
739336320
739598496
739860672
740122848
740385024
740647200
740909376
741171552
741433728
741695904
741958080
742220256
742482432
742744608
743006784
743268960
743531136
743793312
744055488
744317664
744579840
744842016
745104192
745366368
745628544
745890720
746152896
746415072
746677248
746939424
747201600
747463776
747725952
747988128
748250304
748512480
748774656
749036832
749299008
749561184
749823360
750085536
750347712
750609888
750872064
751134240
751396416
751658592
751920768
752182944
752445120
752707296
752969472
753231648
753493824
753756000
754018176
754280352
754542528
754804704
755066880
755329056
755591232
755853408
756115584
756377760
756639936
756902112
757164288
757426464
757688640
757950816
758212992
758475168
758737344
758999520
759261696
759523872
759786048
760048224
760310400
760572576
760834752
761096928
761359104
761621280
761883456
762145632
762407808
762669984
762932160
763194336
763456512
763718688
763980864
764243040
764505216
764767392
765029568
765291744
765553920
765816096
766078272
766340448
766602624
766864800
767126976
767389152
767651328
767913504
768175680
768437856
768700032
768962208
769224384
769486560
769748736
770010912
770273088
770535264
770797440
771059616
771321792
771583968
771846144
772108320
772370496
772632672
772894848
773157024
773419200
773681376
773943552
774205728
774467904
774730080
774992256
775254432
775516608
775778784
776040960
776303136
776565312
776827488
777089664
777351840
777614016
777876192
778138368
778400544
778662720
778924896
779187072
779449248
779711424
779973600
780235776
780497952
780760128
781022304
781284480
781546656
781808832
782071008
782333184
782595360
782857536
783119712
783381888
783644064
783906240
784168416
784430592
784692768
784954944
785217120
785479296
785741472
786003648
786265824
786528000
786790176
787052352
787314528
787576704
787838880
788101056
788363232
788625408
788887584
789149760
789411936
789674112
789936288
790198464
790460640
790722816
790984992
791247168
791509344
791771520
792033696
792295872
792558048
792820224
793082400
793344576
793606752
793868928
794131104
794393280
794655456
794917632
795179808
795441984
795704160
795966336
796228512
796490688
796752864
797015040
797277216
797539392
797801568
798063744
798325920
798588096
798850272
799112448
799374624
799636800
799898976
800161152
800423328
800685504
800947680
801209856
801472032
801734208
801996384
802258560
802520736
802782912
803045088
803307264
803569440
803831616
804093792
804355968
804618144
804880320
805142496
805404672
805666848
805929024
806191200
806453376
806715552
806977728
807239904
807502080
807764256
808026432
808288608
808550784
808812960
809075136
809337312
809599488
809861664
810123840
810386016
810648192
810910368
811172544
811434720
811696896
811959072
812221248
812483424
812745600
813007776
813269952
813532128
813794304
814056480
814318656
814580832
814843008
815105184
815367360
815629536
815891712
816153888
816416064
816678240
816940416
817202592
817464768
817726944
817989120
818251296
818513472
818775648
819037824
819300000
819562176
819824352
820086528
820348704
820610880
820873056
821135232
821397408
821659584
821921760
822183936
822446112
822708288
822970464
823232640
823494816
823756992
824019168
824281344
824543520
824805696
825067872
825330048
825592224
825854400
826116576
826378752
826640928
826903104
827165280
827427456
827689632
827951808
828213984
828476160
828738336
829000512
829262688
829524864
829787040
830049216
830311392
830573568
830835744
831097920
831360096
831622272
831884448
832146624
832408800
832670976
832933152
833195328
833457504
833719680
833981856
834244032
834506208
834768384
835030560
835292736
835554912
835817088
836079264
836341440
836603616
836865792
837127968
837390144
837652320
837914496
838176672
838438848
838701024
838963200
839225376
839487552
839749728
840011904
840274080
840536256
840798432
841060608
841322784
841584960
841847136
842109312
842371488
842633664
842895840
843158016
843420192
843682368
843944544
844206720
844468896
844731072
844993248
845255424
845517600
845779776
846041952
846304128
846566304
846828480
847090656
847352832
847615008
847877184
848139360
848401536
848663712
848925888
849188064
849450240
849712416
849974592
850236768
850498944
850761120
851023296
851285472
851547648
851809824
852072000
852334176
852596352
852858528
853120704
853382880
853645056
853907232
854169408
854431584
854693760
854955936
855218112
855480288
855742464
856004640
856266816
856528992
856791168
857053344
857315520
857577696
857839872
858102048
858364224
858626400
858888576
859150752
859412928
859675104
859937280
860199456
860461632
860723808
860985984
861248160
861510336
861772512
862034688
862296864
862559040
862821216
863083392
863345568
863607744
863869920
864132096
864394272
864656448
864918624
865180800
865442976
865705152
865967328
866229504
866491680
866753856
867016032
867278208
867540384
867802560
868064736
868326912
868589088
868851264
869113440
869375616
869637792
869899968
870162144
870424320
870686496
870948672
871210848
871473024
871735200
871997376
872259552
872521728
872783904
873046080
873308256
873570432
873832608
874094784
874356960
874619136
874881312
875143488
875405664
875667840
875930016
876192192
876454368
876716544
876978720
877240896
877503072
877765248
878027424
878289600
878551776
878813952
879076128
879338304
879600480
879862656
880124832
880387008
880649184
880911360
881173536
881435712
881697888
881960064
882222240
882484416
882746592
883008768
883270944
883533120
883795296
884057472
884319648
884581824
884844000
885106176
885368352
885630528
885892704
886154880
886417056
886679232
886941408
887203584
887465760
887727936
887990112
888252288
888514464
888776640
889038816
889300992
889563168
889825344
890087520
890349696
890611872
890874048
891136224
891398400
891660576
891922752
892184928
892447104
892709280
892971456
893233632
893495808
893757984
894020160
894282336
894544512
894806688
895068864
895331040
895593216
895855392
896117568
896379744
896641920
896904096
897166272
897428448
897690624
897952800
898214976
898477152
898739328
899001504
899263680
899525856
899788032
900050208
900312384
900574560
900836736
901098912
901361088
901623264
901885440
902147616
902409792
902671968
902934144
903196320
903458496
903720672
903982848
904245024
904507200
904769376
905031552
905293728
905555904
905818080
906080256
906342432
906604608
906866784
907128960
907391136
907653312
907915488
908177664
908439840
908702016
908964192
909226368
909488544
909750720
910012896
910275072
910537248
910799424
911061600
911323776
911585952
911848128
912110304
912372480
912634656
912896832
913159008
913421184
913683360
913945536
914207712
914469888
914732064
914994240
915256416
915518592
915780768
916042944
916305120
916567296
916829472
917091648
917353824
917616000
917878176
918140352
918402528
918664704
918926880
919189056
919451232
919713408
919975584
920237760
920499936
920762112
921024288
921286464
921548640
921810816
922072992
922335168
922597344
922859520
923121696
923383872
923646048
923908224
924170400
924432576
924694752
924956928
925219104
925481280
925743456
926005632
926267808
926529984
926792160
927054336
927316512
927578688
927840864
928103040
928365216
928627392
928889568
929151744
929413920
929676096
929938272
930200448
930462624
930724800
930986976
931249152
931511328
931773504
932035680
932297856
932560032
932822208
933084384
933346560
933608736
933870912
934133088
934395264
934657440
934919616
935181792
935443968
935706144
935968320
936230496
936492672
936754848
937017024
937279200
937541376
937803552
938065728
938327904
938590080
938852256
939114432
939376608
939638784
939900960
940163136
940425312
940687488
940949664
941211840
941474016
941736192
941998368
942260544
942522720
942784896
943047072
943309248
943571424
943833600
944095776
944357952
944620128
944882304
945144480
945406656
945668832
945931008
946193184
946455360
946717536
946979712
947241888
947504064
947766240
948028416
948290592
948552768
948814944
949077120
949339296
949601472
949863648
950125824
950388000
950650176
950912352
951174528
951436704
951698880
951961056
952223232
952485408
952747584
953009760
953271936
953534112
953796288
954058464
954320640
954582816
954844992
955107168
955369344
955631520
955893696
956155872
956418048
956680224
956942400
957204576
957466752
957728928
957991104
958253280
958515456
958777632
959039808
959301984
959564160
959826336
960088512
960350688
960612864
960875040
961137216
961399392
961661568
961923744
962185920
962448096
962710272
962972448
963234624
963496800
963758976
964021152
964283328
964545504
964807680
965069856
965332032
965594208
965856384
966118560
966380736
966642912
966905088
967167264
967429440
967691616
967953792
968215968
968478144
968740320
969002496
969264672
969526848
969789024
970051200
970313376
970575552
970837728
971099904
971362080
971624256
971886432
972148608
972410784
972672960
972935136
973197312
973459488
973721664
973983840
974246016
974508192
974770368
975032544
975294720
975556896
975819072
976081248
976343424
976605600
976867776
977129952
977392128
977654304
977916480
978178656
978440832
978703008
978965184
979227360
979489536
979751712
980013888
980276064
980538240
980800416
981062592
981324768
981586944
981849120
982111296
982373472
982635648
982897824
983160000
983422176
983684352
983946528
984208704
984470880
984733056
984995232
985257408
985519584
985781760
986043936
986306112
986568288
986830464
987092640
987354816
987616992
987879168
988141344
988403520
988665696
988927872
989190048
989452224
989714400
989976576
990238752
990500928
990763104
991025280
991287456
991549632
991811808
992073984
992336160
992598336
992860512
993122688
993384864
993647040
993909216
994171392
994433568
994695744
994957920
995220096
995482272
995744448
996006624
996268800
996530976
996793152
997055328
997317504
997579680
997841856
998104032
998366208
998628384
998890560
999152736
999414912
999677088
999939264
1000201440
1000463616
1000725792
1000987968
1001250144
1001512320
1001774496
1002036672
1002298848
1002561024
1002823200
1003085376
1003347552
1003609728
1003871904
1004134080
1004396256
1004658432
1004920608
1005182784
1005444960
1005707136
1005969312
1006231488
1006493664
1006755840
1007018016
1007280192
1007542368
1007804544
1008066720
1008328896
1008591072
1008853248
1009115424
1009377600
1009639776
1009901952
1010164128
1010426304
1010688480
1010950656
1011212832
1011475008
1011737184
1011999360
1012261536
1012523712
1012785888
1013048064
1013310240
1013572416
1013834592
1014096768
1014358944
1014621120
1014883296
1015145472
1015407648
1015669824
1015932000
1016194176
1016456352
1016718528
1016980704
1017242880
1017505056
1017767232
1018029408
1018291584
1018553760
1018815936
1019078112
1019340288
1019602464
1019864640
1020126816
1020388992
1020651168
1020913344
1021175520
1021437696
1021699872
1021962048
1022224224
1022486400
1022748576
1023010752
1023272928
1023535104
1023797280
1024059456
1024321632
1024583808
1024845984
1025108160
1025370336
1025632512
1025894688
1026156864
1026419040
1026681216
1026943392
1027205568
1027467744
1027729920
1027992096
1028254272
1028516448
1028778624
1029040800
1029302976
1029565152
1029827328
1030089504
1030351680
1030613856
1030876032
1031138208
1031400384
1031662560
1031924736
1032186912
1032449088
1032711264
1032973440
1033235616
1033497792
1033759968
1034022144
1034284320
1034546496
1034808672
1035070848
1035333024
1035595200
1035857376
1036119552
1036381728
1036643904
1036906080
1037168256
1037430432
1037692608
1037954784
1038216960
1038479136
1038741312
1039003488
1039265664
1039527840
1039790016
1040052192
1040314368
1040576544
1040838720
1041100896
1041363072
1041625248
1041887424
1042149600
1042411776
1042673952
1042936128
1043198304
1043460480
1043722656
1043984832
1044247008
1044509184
1044771360
1045033536
1045295712
1045557888
1045820064
1046082240
1046344416
1046606592
1046868768
1047130944
1047393120
1047655296
1047917472
1048179648
1048441824
1048704000
1048966176
1049228352
1049490528
1049752704
1050014880
1050277056
1050539232
1050801408
1051063584
1051325760
1051587936
1051850112
1052112288
1052374464
1052636640
1052898816
1053160992
1053423168
1053685344
1053947520
1054209696
1054471872
1054734048
1054996224
1055258400
1055520576
1055782752
1056044928
1056307104
1056569280
1056831456
1057093632
1057355808
1057617984
1057880160
1058142336
1058404512
1058666688
1058928864
1059191040
1059453216
1059715392
1059977568
1060239744
1060501920
1060764096
1061026272
1061288448
1061550624
1061812800
1062074976
1062337152
1062599328
1062861504
1063123680
1063385856
1063648032
1063910208
1064172384
1064434560
1064696736
1064958912
1065221088
1065483264
1065745440
1066007616
1066269792
1066531968
1066794144
1067056320
1067318496
1067580672
1067842848
1068105024
1068367200
1068629376
1068891552
1069153728
1069415904
1069678080
1069940256
1070202432
1070464608
1070726784
1070988960
1071251136
1071513312
1071775488
1072037664
1072299840
1072562016
1072824192
1073086368
1073348544
1073610720
1073872896
1074135072
1074397248
1074659424
1074921600
1075183776
1075445952
1075708128
1075970304
1076232480
1076494656
1076756832
1077019008
1077281184
1077543360
1077805536
1078067712
1078329888
1078592064
1078854240
1079116416
1079378592
1079640768
1079902944
1080165120
1080427296
1080689472
1080951648
1081213824
1081476000
1081738176
1082000352
1082262528
1082524704
1082786880
1083049056
1083311232
1083573408
1083835584
1084097760
1084359936
1084622112
1084884288
1085146464
1085408640
1085670816
1085932992
1086195168
1086457344
1086719520
1086981696
1087243872
1087506048
1087768224
1088030400
1088292576
1088554752
1088816928
1089079104
1089341280
1089603456
1089865632
1090127808
1090389984
1090652160
1090914336
1091176512
1091438688
1091700864
1091963040
1092225216
1092487392
1092749568
1093011744
1093273920
1093536096
1093798272
1094060448
1094322624
1094584800
1094846976
1095109152
1095371328
1095633504
1095895680
1096157856
1096420032
1096682208
1096944384
1097206560
1097468736
1097730912
1097993088
1098255264
1098517440
1098779616
1099041792
1099303968
1099566144
1099828320
1100090496
1100352672
1100614848
1100877024
1101139200
1101401376
1101663552
1101925728
1102187904
1102450080
1102712256
1102974432
1103236608
1103498784
1103760960
1104023136
1104285312
1104547488
1104809664
1105071840
1105334016
1105596192
1105858368
1106120544
1106382720
1106644896
1106907072
1107169248
1107431424
1107693600
1107955776
1108217952
1108480128
1108742304
1109004480
1109266656
1109528832
1109791008
1110053184
1110315360
1110577536
1110839712
1111101888
1111364064
1111626240
1111888416
1112150592
1112412768
1112674944
1112937120
1113199296
1113461472
1113723648
1113985824
1114248000
1114510176
1114772352
1115034528
1115296704
1115558880
1115821056
1116083232
1116345408
1116607584
1116869760
1117131936
1117394112
1117656288
1117918464
1118180640
1118442816
1118704992
1118967168
1119229344
1119491520
1119753696
1120015872
1120278048
1120540224
1120802400
1121064576
1121326752
1121588928
1121851104
1122113280
1122375456
1122637632
1122899808
1123161984
1123424160
1123686336
1123948512
1124210688
1124472864
1124735040
1124997216
1125259392
1125521568
1125783744
1126045920
1126308096
1126570272
1126832448
1127094624
1127356800
1127618976
1127881152
1128143328
1128405504
1128667680
1128929856
1129192032
1129454208
1129716384
1129978560
1130240736
1130502912
1130765088
1131027264
1131289440
1131551616
1131813792
1132075968
1132338144
1132600320
1132862496
1133124672
1133386848
1133649024
1133911200
1134173376
1134435552
1134697728
1134959904
1135222080
1135484256
1135746432
1136008608
1136270784
1136532960
1136795136
1137057312
1137319488
1137581664
1137843840
1138106016
1138368192
1138630368
1138892544
1139154720
1139416896
1139679072
1139941248
1140203424
1140465600
1140727776
1140989952
1141252128
1141514304
1141776480
1142038656
1142300832
1142563008
1142825184
1143087360
1143349536
1143611712
1143873888
1144136064
1144398240
1144660416
1144922592
1145184768
1145446944
1145709120
1145971296
1146233472
1146495648
1146757824
1147020000
1147282176
1147544352
1147806528
1148068704
1148330880
1148593056
1148855232
1149117408
1149379584
1149641760
1149903936
1150166112
1150428288
1150690464
1150952640
1151214816
1151476992
1151739168
1152001344
1152263520
1152525696
1152787872
1153050048
1153312224
1153574400
1153836576
1154098752
1154360928
1154623104
1154885280
1155147456
1155409632
1155671808
1155933984
1156196160
1156458336
1156720512
1156982688
1157244864
1157507040
1157769216
1158031392
1158293568
1158555744
1158817920
1159080096
1159342272
1159604448
1159866624
1160128800
1160390976
1160653152
1160915328
1161177504
1161439680
1161701856
1161964032
1162226208
1162488384
1162750560
1163012736
1163274912
1163537088
1163799264
1164061440
1164323616
1164585792
1164847968
1165110144
1165372320
1165634496
1165896672
1166158848
1166421024
1166683200
1166945376
1167207552
1167469728
1167731904
1167994080
1168256256
1168518432
1168780608
1169042784
1169304960
1169567136
1169829312
1170091488
1170353664
1170615840
1170878016
1171140192
1171402368
1171664544
1171926720
1172188896
1172451072
1172713248
1172975424
1173237600
1173499776
1173761952
1174024128
1174286304
1174548480
1174810656
1175072832
1175335008
1175597184
1175859360
1176121536
1176383712
1176645888
1176908064
1177170240
1177432416
1177694592
1177956768
1178218944
1178481120
1178743296
1179005472
1179267648
1179529824
1179792000
1180054176
1180316352
1180578528
1180840704
1181102880
1181365056
1181627232
1181889408
1182151584
1182413760
1182675936
1182938112
1183200288
1183462464
1183724640
1183986816
1184248992
1184511168
1184773344
1185035520
1185297696
1185559872
1185822048
1186084224
1186346400
1186608576
1186870752
1187132928
1187395104
1187657280
1187919456
1188181632
1188443808
1188705984
1188968160
1189230336
1189492512
1189754688
1190016864
1190279040
1190541216
1190803392
1191065568
1191327744
1191589920
1191852096
1192114272
1192376448
1192638624
1192900800
1193162976
1193425152
1193687328
1193949504
1194211680
1194473856
1194736032
1194998208
1195260384
1195522560
1195784736
1196046912
1196309088
1196571264
1196833440
1197095616
1197357792
1197619968
1197882144
1198144320
1198406496
1198668672
1198930848
1199193024
1199455200
1199717376
1199979552
1200241728
1200503904
1200766080
1201028256
1201290432
1201552608
1201814784
1202076960
1202339136
1202601312
1202863488
1203125664
1203387840
1203650016
1203912192
1204174368
1204436544
1204698720
1204960896
1205223072
1205485248
1205747424
1206009600
1206271776
1206533952
1206796128
1207058304
1207320480
1207582656
1207844832
1208107008
1208369184
1208631360
1208893536
1209155712
1209417888
1209680064
1209942240
1210204416
1210466592
1210728768
1210990944
1211253120
1211515296
1211777472
1212039648
1212301824
1212564000
1212826176
1213088352
1213350528
1213612704
1213874880
1214137056
1214399232
1214661408
1214923584
1215185760
1215447936
1215710112
1215972288
1216234464
1216496640
1216758816
1217020992
1217283168
1217545344
1217807520
1218069696
1218331872
1218594048
1218856224
1219118400
1219380576
1219642752
1219904928
1220167104
1220429280
1220691456
1220953632
1221215808
1221477984
1221740160
1222002336
1222264512
1222526688
1222788864
1223051040
1223313216
1223575392
1223837568
1224099744
1224361920
1224624096
1224886272
1225148448
1225410624
1225672800
1225934976
1226197152
1226459328
1226721504
1226983680
1227245856
1227508032
1227770208
1228032384
1228294560
1228556736
1228818912
1229081088
1229343264
1229605440
1229867616
1230129792
1230391968
1230654144
1230916320
1231178496
1231440672
1231702848
1231965024
1232227200
1232489376
1232751552
1233013728
1233275904
1233538080
1233800256
1234062432
1234324608
1234586784
1234848960
1235111136
1235373312
1235635488
1235897664
1236159840
1236422016
1236684192
1236946368
1237208544
1237470720
1237732896
1237995072
1238257248
1238519424
1238781600
1239043776
1239305952
1239568128
1239830304
1240092480
1240354656
1240616832
1240879008
1241141184
1241403360
1241665536
1241927712
1242189888
1242452064
1242714240
1242976416
1243238592
1243500768
1243762944
1244025120
1244287296
1244549472
1244811648
1245073824
1245336000
1245598176
1245860352
1246122528
1246384704
1246646880
1246909056
1247171232
1247433408
1247695584
1247957760
1248219936
1248482112
1248744288
1249006464
1249268640
1249530816
1249792992
1250055168
1250317344
1250579520
1250841696
1251103872
1251366048
1251628224
1251890400
1252152576
1252414752
1252676928
1252939104
1253201280
1253463456
1253725632
1253987808
1254249984
1254512160
1254774336
1255036512
1255298688
1255560864
1255823040
1256085216
1256347392
1256609568
1256871744
1257133920
1257396096
1257658272
1257920448
1258182624
1258444800
1258706976
1258969152
1259231328
1259493504
1259755680
1260017856
1260280032
1260542208
1260804384
1261066560
1261328736
1261590912
1261853088
1262115264
1262377440
1262639616
1262901792
1263163968
1263426144
1263688320
1263950496
1264212672
1264474848
1264737024
1264999200
1265261376
1265523552
1265785728
1266047904
1266310080
1266572256
1266834432
1267096608
1267358784
1267620960
1267883136
1268145312
1268407488
1268669664
1268931840
1269194016
1269456192
1269718368
1269980544
1270242720
1270504896
1270767072
1271029248
1271291424
1271553600
1271815776
1272077952
1272340128
1272602304
1272864480
1273126656
1273388832
1273651008
1273913184
1274175360
1274437536
1274699712
1274961888
1275224064
1275486240
1275748416
1276010592
1276272768
1276534944
1276797120
1277059296
1277321472
1277583648
1277845824
1278108000
1278370176
1278632352
1278894528
1279156704
1279418880
1279681056
1279943232
1280205408
1280467584
1280729760
1280991936
1281254112
1281516288
1281778464
1282040640
1282302816
1282564992
1282827168
1283089344
1283351520
1283613696
1283875872
1284138048
1284400224
1284662400
1284924576
1285186752
1285448928
1285711104
1285973280
1286235456
1286497632
1286759808
1287021984
1287284160
1287546336
1287808512
1288070688
1288332864
1288595040
1288857216
1289119392
1289381568
1289643744
1289905920
1290168096
1290430272
1290692448
1290954624
1291216800
1291478976
1291741152
1292003328
1292265504
1292527680
1292789856
1293052032
1293314208
1293576384
1293838560
1294100736
1294362912
1294625088
1294887264
1295149440
1295411616
1295673792
1295935968
1296198144
1296460320
1296722496
1296984672
1297246848
1297509024
1297771200
1298033376
1298295552
1298557728
1298819904
1299082080
1299344256
1299606432
1299868608
1300130784
1300392960
1300655136
1300917312
1301179488
1301441664
1301703840
1301966016
1302228192
1302490368
1302752544
1303014720
1303276896
1303539072
1303801248
1304063424
1304325600
1304587776
1304849952
1305112128
1305374304
1305636480
1305898656
1306160832
1306423008
1306685184
1306947360
1307209536
1307471712
1307733888
1307996064
1308258240
1308520416
1308782592
1309044768
1309306944
1309569120
1309831296
1310093472
1310355648
1310617824
1310880000
1311142176
1311404352
1311666528
1311928704
1312190880
1312453056
1312715232
1312977408
1313239584
1313501760
1313763936
1314026112
1314288288
1314550464
1314812640
1315074816
1315336992
1315599168
1315861344
1316123520
1316385696
1316647872
1316910048
1317172224
1317434400
1317696576
1317958752
1318220928
1318483104
1318745280
1319007456
1319269632
1319531808
1319793984
1320056160
1320318336
1320580512
1320842688
1321104864
1321367040
1321629216
1321891392
1322153568
1322415744
1322677920
1322940096
1323202272
1323464448
1323726624
1323988800
1324250976
1324513152
1324775328
1325037504
1325299680
1325561856
1325824032
1326086208
1326348384
1326610560
1326872736
1327134912
1327397088
1327659264
1327921440
1328183616
1328445792
1328707968
1328970144
1329232320
1329494496
1329756672
1330018848
1330281024
1330543200
1330805376
1331067552
1331329728
1331591904
1331854080
1332116256
1332378432
1332640608
1332902784
1333164960
1333427136
1333689312
1333951488
1334213664
1334475840
1334738016
1335000192
1335262368
1335524544
1335786720
1336048896
1336311072
1336573248
1336835424
1337097600
1337359776
1337621952
1337884128
1338146304
1338408480
1338670656
1338932832
1339195008
1339457184
1339719360
1339981536
1340243712
1340505888
1340768064
1341030240
1341292416
1341554592
1341816768
1342078944
1342341120
1342603296
1342865472
1343127648
1343389824
1343652000
1343914176
1344176352
1344438528
1344700704
1344962880
1345225056
1345487232
1345749408
1346011584
1346273760
1346535936
1346798112
1347060288
1347322464
1347584640
1347846816
1348108992
1348371168
1348633344
1348895520
1349157696
1349419872
1349682048
1349944224
1350206400
1350468576
1350730752
1350992928
1351255104
1351517280
1351779456
1352041632
1352303808
1352565984
1352828160
1353090336
1353352512
1353614688
1353876864
1354139040
1354401216
1354663392
1354925568
1355187744
1355449920
1355712096
1355974272
1356236448
1356498624
1356760800
1357022976
1357285152
1357547328
1357809504
1358071680
1358333856
1358596032
1358858208
1359120384
1359382560
1359644736
1359906912
1360169088
1360431264
1360693440
1360955616
1361217792
1361479968
1361742144
1362004320
1362266496
1362528672
1362790848
1363053024
1363315200
1363577376
1363839552
1364101728
1364363904
1364626080
1364888256
1365150432
1365412608
1365674784
1365936960
1366199136
1366461312
1366723488
1366985664
1367247840
1367510016
1367772192
1368034368
1368296544
1368558720
1368820896
1369083072
1369345248
1369607424
1369869600
1370131776
1370393952
1370656128
1370918304
1371180480
1371442656
1371704832
1371967008
1372229184
1372491360
1372753536
1373015712
1373277888
1373540064
1373802240
1374064416
1374326592
1374588768
1374850944
1375113120
1375375296
1375637472
1375899648
1376161824
1376424000
1376686176
1376948352
1377210528
1377472704
1377734880
1377997056
1378259232
1378521408
1378783584
1379045760
1379307936
1379570112
1379832288
1380094464
1380356640
1380618816
1380880992
1381143168
1381405344
1381667520
1381929696
1382191872
1382454048
1382716224
1382978400
1383240576
1383502752
1383764928
1384027104
1384289280
1384551456
1384813632
1385075808
1385337984
1385600160
1385862336
1386124512
1386386688
1386648864
1386911040
1387173216
1387435392
1387697568
1387959744
1388221920
1388484096
1388746272
1389008448
1389270624
1389532800
1389794976
1390057152
1390319328
1390581504
1390843680
1391105856
1391368032
1391630208
1391892384
1392154560
1392416736
1392678912
1392941088
1393203264
1393465440
1393727616
1393989792
1394251968
1394514144
1394776320
1395038496
1395300672
1395562848
1395825024
1396087200
1396349376
1396611552
1396873728
1397135904
1397398080
1397660256
1397922432
1398184608
1398446784
1398708960
1398971136
1399233312
1399495488
1399757664
1400019840
1400282016
1400544192
1400806368
1401068544
1401330720
1401592896
1401855072
1402117248
1402379424
1402641600
1402903776
1403165952
1403428128
1403690304
1403952480
1404214656
1404476832
1404739008
1405001184
1405263360
1405525536
1405787712
1406049888
1406312064
1406574240
1406836416
1407098592
1407360768
1407622944
1407885120
1408147296
1408409472
1408671648
1408933824
1409196000
1409458176
1409720352
1409982528
1410244704
1410506880
1410769056
1411031232
1411293408
1411555584
1411817760
1412079936
1412342112
1412604288
1412866464
1413128640
1413390816
1413652992
1413915168
1414177344
1414439520
1414701696
1414963872
1415226048
1415488224
1415750400
1416012576
1416274752
1416536928
1416799104
1417061280
1417323456
1417585632
1417847808
1418109984
1418372160
1418634336
1418896512
1419158688
1419420864
1419683040
1419945216
1420207392
1420469568
1420731744
1420993920
1421256096
1421518272
1421780448
1422042624
1422304800
1422566976
1422829152
1423091328
1423353504
1423615680
1423877856
1424140032
1424402208
1424664384
1424926560
1425188736
1425450912
1425713088
1425975264
1426237440
1426499616
1426761792
1427023968
1427286144
1427548320
1427810496
1428072672
1428334848
1428597024
1428859200
1429121376
1429383552
1429645728
1429907904
1430170080
1430432256
1430694432
1430956608
1431218784
1431480960
1431743136
1432005312
1432267488
1432529664
1432791840
1433054016
1433316192
1433578368
1433840544
1434102720
1434364896
1434627072
1434889248
1435151424
1435413600
1435675776
1435937952
1436200128
1436462304
1436724480
1436986656
1437248832
1437511008
1437773184
1438035360
1438297536
1438559712
1438821888
1439084064
1439346240
1439608416
1439870592
1440132768
1440394944
1440657120
1440919296
1441181472
1441443648
1441705824
1441968000
1442230176
1442492352
1442754528
1443016704
1443278880
1443541056
1443803232
1444065408
1444327584
1444589760
1444851936
1445114112
1445376288
1445638464
1445900640
1446162816
1446424992
1446687168
1446949344
1447211520
1447473696
1447735872
1447998048
1448260224
1448522400
1448784576
1449046752
1449308928
1449571104
1449833280
1450095456
1450357632
1450619808
1450881984
1451144160
1451406336
1451668512
1451930688
1452192864
1452455040
1452717216
1452979392
1453241568
1453503744
1453765920
1454028096
1454290272
1454552448
1454814624
1455076800
1455338976
1455601152
1455863328
1456125504
1456387680
1456649856
1456912032
1457174208
1457436384
1457698560
1457960736
1458222912
1458485088
1458747264
1459009440
1459271616
1459533792
1459795968
1460058144
1460320320
1460582496
1460844672
1461106848
1461369024
1461631200
1461893376
1462155552
1462417728
1462679904
1462942080
1463204256
1463466432
1463728608
1463990784
1464252960
1464515136
1464777312
1465039488
1465301664
1465563840
1465826016
1466088192
1466350368
1466612544
1466874720
1467136896
1467399072
1467661248
1467923424
1468185600
1468447776
1468709952
1468972128
1469234304
1469496480
1469758656
1470020832
1470283008
1470545184
1470807360
1471069536
1471331712
1471593888
1471856064
1472118240
1472380416
1472642592
1472904768
1473166944
1473429120
1473691296
1473953472
1474215648
1474477824
1474740000
1475002176
1475264352
1475526528
1475788704
1476050880
1476313056
1476575232
1476837408
1477099584
1477361760
1477623936
1477886112
1478148288
1478410464
1478672640
1478934816
1479196992
1479459168
1479721344
1479983520
1480245696
1480507872
1480770048
1481032224
1481294400
1481556576
1481818752
1482080928
1482343104
1482605280
1482867456
1483129632
1483391808
1483653984
1483916160
1484178336
1484440512
1484702688
1484964864
1485227040
1485489216
1485751392
1486013568
1486275744
1486537920
1486800096
1487062272
1487324448
1487586624
1487848800
1488110976
1488373152
1488635328
1488897504
1489159680
1489421856
1489684032
1489946208
1490208384
1490470560
1490732736
1490994912
1491257088
1491519264
1491781440
1492043616
1492305792
1492567968
1492830144
1493092320
1493354496
1493616672
1493878848
1494141024
1494403200
1494665376
1494927552
1495189728
1495451904
1495714080
1495976256
1496238432
1496500608
1496762784
1497024960
1497287136
1497549312
1497811488
1498073664
1498335840
1498598016
1498860192
1499122368
1499384544
1499646720
1499908896
1500171072
1500433248
1500695424
1500957600
1501219776
1501481952
1501744128
1502006304
1502268480
1502530656
1502792832
1503055008
1503317184
1503579360
1503841536
1504103712
1504365888
1504628064
1504890240
1505152416
1505414592
1505676768
1505938944
1506201120
1506463296
1506725472
1506987648
1507249824
1507512000
1507774176
1508036352
1508298528
1508560704
1508822880
1509085056
1509347232
1509609408
1509871584
1510133760
1510395936
1510658112
1510920288
1511182464
1511444640
1511706816
1511968992
1512231168
1512493344
1512755520
1513017696
1513279872
1513542048
1513804224
1514066400
1514328576
1514590752
1514852928
1515115104
1515377280
1515639456
1515901632
1516163808
1516425984
1516688160
1516950336
1517212512
1517474688
1517736864
1517999040
1518261216
1518523392
1518785568
1519047744
1519309920
1519572096
1519834272
1520096448
1520358624
1520620800
1520882976
1521145152
1521407328
1521669504
1521931680
1522193856
1522456032
1522718208
1522980384
1523242560
1523504736
1523766912
1524029088
1524291264
1524553440
1524815616
1525077792
1525339968
1525602144
1525864320
1526126496
1526388672
1526650848
1526913024
1527175200
1527437376
1527699552
1527961728
1528223904
1528486080
1528748256
1529010432
1529272608
1529534784
1529796960
1530059136
1530321312
1530583488
1530845664
1531107840
1531370016
1531632192
1531894368
1532156544
1532418720
1532680896
1532943072
1533205248
1533467424
1533729600
1533991776
1534253952
1534516128
1534778304
1535040480
1535302656
1535564832
1535827008
1536089184
1536351360
1536613536
1536875712
1537137888
1537400064
1537662240
1537924416
1538186592
1538448768
1538710944
1538973120
1539235296
1539497472
1539759648
1540021824
1540284000
1540546176
1540808352
1541070528
1541332704
1541594880
1541857056
1542119232
1542381408
1542643584
1542905760
1543167936
1543430112
1543692288
1543954464
1544216640
1544478816
1544740992
1545003168
1545265344
1545527520
1545789696
1546051872
1546314048
1546576224
1546838400
1547100576
1547362752
1547624928
1547887104
1548149280
1548411456
1548673632
1548935808
1549197984
1549460160
1549722336
1549984512
1550246688
1550508864
1550771040
1551033216
1551295392
1551557568
1551819744
1552081920
1552344096
1552606272
1552868448
1553130624
1553392800
1553654976
1553917152
1554179328
1554441504
1554703680
1554965856
1555228032
1555490208
1555752384
1556014560
1556276736
1556538912
1556801088
1557063264
1557325440
1557587616
1557849792
1558111968
1558374144
1558636320
1558898496
1559160672
1559422848
1559685024
1559947200
1560209376
1560471552
1560733728
1560995904
1561258080
1561520256
1561782432
1562044608
1562306784
1562568960
1562831136
1563093312
1563355488
1563617664
1563879840
1564142016
1564404192
1564666368
1564928544
1565190720
1565452896
1565715072
1565977248
1566239424
1566501600
1566763776
1567025952
1567288128
1567550304
1567812480
1568074656
1568336832
1568599008
1568861184
1569123360
1569385536
1569647712
1569909888
1570172064
1570434240
1570696416
1570958592
1571220768
1571482944
1571745120
1572007296
1572269472
1572531648
1572793824
1573056000
1573318176
1573580352
1573842528
1574104704
1574366880
1574629056
1574891232
1575153408
1575415584
1575677760
1575939936
1576202112
1576464288
1576726464
1576988640
1577250816
1577512992
1577775168
1578037344
1578299520
1578561696
1578823872
1579086048
1579348224
1579610400
1579872576
1580134752
1580396928
1580659104
1580921280
1581183456
1581445632
1581707808
1581969984
1582232160
1582494336
1582756512
1583018688
1583280864
1583543040
1583805216
1584067392
1584329568
1584591744
1584853920
1585116096
1585378272
1585640448
1585902624
1586164800
1586426976
1586689152
1586951328
1587213504
1587475680
1587737856
1588000032
1588262208
1588524384
1588786560
1589048736
1589310912
1589573088
1589835264
1590097440
1590359616
1590621792
1590883968
1591146144
1591408320
1591670496
1591932672
1592194848
1592457024
1592719200
1592981376
1593243552
1593505728
1593767904
1594030080
1594292256
1594554432
1594816608
1595078784
1595340960
1595603136
1595865312
1596127488
1596389664
1596651840
1596914016
1597176192
1597438368
1597700544
1597962720
1598224896
1598487072
1598749248
1599011424
1599273600
1599535776
1599797952
1600060128
1600322304
1600584480
1600846656
1601108832
1601371008
1601633184
1601895360
1602157536
1602419712
1602681888
1602944064
1603206240
1603468416
1603730592
1603992768
1604254944
1604517120
1604779296
1605041472
1605303648
1605565824
1605828000
1606090176
1606352352
1606614528
1606876704
1607138880
1607401056
1607663232
1607925408
1608187584
1608449760
1608711936
1608974112
1609236288
1609498464
1609760640
1610022816
1610284992
1610547168
1610809344
1611071520
1611333696
1611595872
1611858048
1612120224
1612382400
1612644576
1612906752
1613168928
1613431104
1613693280
1613955456
1614217632
1614479808
1614741984
1615004160
1615266336
1615528512
1615790688
1616052864
1616315040
1616577216
1616839392
1617101568
1617363744
1617625920
1617888096
1618150272
1618412448
1618674624
1618936800
1619198976
1619461152
1619723328
1619985504
1620247680
1620509856
1620772032
1621034208
1621296384
1621558560
1621820736
1622082912
1622345088
1622607264
1622869440
1623131616
1623393792
1623655968
1623918144
1624180320
1624442496
1624704672
1624966848
1625229024
1625491200
1625753376
1626015552
1626277728
1626539904
1626802080
1627064256
1627326432
1627588608
1627850784
1628112960
1628375136
1628637312
1628899488
1629161664
1629423840
1629686016
1629948192
1630210368
1630472544
1630734720
1630996896
1631259072
1631521248
1631783424
1632045600
1632307776
1632569952
1632832128
1633094304
1633356480
1633618656
1633880832
1634143008
1634405184
1634667360
1634929536
1635191712
1635453888
1635716064
1635978240
1636240416
1636502592
1636764768
1637026944
1637289120
1637551296
1637813472
1638075648
1638337824
1638600000
1638862176
1639124352
1639386528
1639648704
1639910880
1640173056
1640435232
1640697408
1640959584
1641221760
1641483936
1641746112
1642008288
1642270464
1642532640
1642794816
1643056992
1643319168
1643581344
1643843520
1644105696
1644367872
1644630048
1644892224
1645154400
1645416576
1645678752
1645940928
1646203104
1646465280
1646727456
1646989632
1647251808
1647513984
1647776160
1648038336
1648300512
1648562688
1648824864
1649087040
1649349216
1649611392
1649873568
1650135744
1650397920
1650660096
1650922272
1651184448
1651446624
1651708800
1651970976
1652233152
1652495328
1652757504
1653019680
1653281856
1653544032
1653806208
1654068384
1654330560
1654592736
1654854912
1655117088
1655379264
1655641440
1655903616
1656165792
1656427968
1656690144
1656952320
1657214496
1657476672
1657738848
1658001024
1658263200
1658525376
1658787552
1659049728
1659311904
1659574080
1659836256
1660098432
1660360608
1660622784
1660884960
1661147136
1661409312
1661671488
1661933664
1662195840
1662458016
1662720192
1662982368
1663244544
1663506720
1663768896
1664031072
1664293248
1664555424
1664817600
1665079776
1665341952
1665604128
1665866304
1666128480
1666390656
1666652832
1666915008
1667177184
1667439360
1667701536
1667963712
1668225888
1668488064
1668750240
1669012416
1669274592
1669536768
1669798944
1670061120
1670323296
1670585472
1670847648
1671109824
1671372000
1671634176
1671896352
1672158528
1672420704
1672682880
1672945056
1673207232
1673469408
1673731584
1673993760
1674255936
1674518112
1674780288
1675042464
1675304640
1675566816
1675828992
1676091168
1676353344
1676615520
1676877696
1677139872
1677402048
1677664224
1677926400
1678188576
1678450752
1678712928
1678975104
1679237280
1679499456
1679761632
1680023808
1680285984
1680548160
1680810336
1681072512
1681334688
1681596864
1681859040
1682121216
1682383392
1682645568
1682907744
1683169920
1683432096
1683694272
1683956448
1684218624
1684480800
1684742976
1685005152
1685267328
1685529504
1685791680
1686053856
1686316032
1686578208
1686840384
1687102560
1687364736
1687626912
1687889088
1688151264
1688413440
1688675616
1688937792
1689199968
1689462144
1689724320
1689986496
1690248672
1690510848
1690773024
1691035200
1691297376
1691559552
1691821728
1692083904
1692346080
1692608256
1692870432
1693132608
1693394784
1693656960
1693919136
1694181312
1694443488
1694705664
1694967840
1695230016
1695492192
1695754368
1696016544
1696278720
1696540896
1696803072
1697065248
1697327424
1697589600
1697851776
1698113952
1698376128
1698638304
1698900480
1699162656
1699424832
1699687008
1699949184
1700211360
1700473536
1700735712
1700997888
1701260064
1701522240
1701784416
1702046592
1702308768
1702570944
1702833120
1703095296
1703357472
1703619648
1703881824
1704144000
1704406176
1704668352
1704930528
1705192704
1705454880
1705717056
1705979232
1706241408
1706503584
1706765760
1707027936
1707290112
1707552288
1707814464
1708076640
1708338816
1708600992
1708863168
1709125344
1709387520
1709649696
1709911872
1710174048
1710436224
1710698400
1710960576
1711222752
1711484928
1711747104
1712009280
1712271456
1712533632
1712795808
1713057984
1713320160
1713582336
1713844512
1714106688
1714368864
1714631040
1714893216
1715155392
1715417568
1715679744
1715941920
1716204096
1716466272
1716728448
1716990624
1717252800
1717514976
1717777152
1718039328
1718301504
1718563680
1718825856
1719088032
1719350208
1719612384
1719874560
1720136736
1720398912
1720661088
1720923264
1721185440
1721447616
1721709792
1721971968
1722234144
1722496320
1722758496
1723020672
1723282848
1723545024
1723807200
1724069376
1724331552
1724593728
1724855904
1725118080
1725380256
1725642432
1725904608
1726166784
1726428960
1726691136
1726953312
1727215488
1727477664
1727739840
1728002016
1728264192
1728526368
1728788544
1729050720
1729312896
1729575072
1729837248
1730099424
1730361600
1730623776
1730885952
1731148128
1731410304
1731672480
1731934656
1732196832
1732459008
1732721184
1732983360
1733245536
1733507712
1733769888
1734032064
1734294240
1734556416
1734818592
1735080768
1735342944
1735605120
1735867296
1736129472
1736391648
1736653824
1736916000
1737178176
1737440352
1737702528
1737964704
1738226880
1738489056
1738751232
1739013408
1739275584
1739537760
1739799936
1740062112
1740324288
1740586464
1740848640
1741110816
1741372992
1741635168
1741897344
1742159520
1742421696
1742683872
1742946048
1743208224
1743470400
1743732576
1743994752
1744256928
1744519104
1744781280
1745043456
1745305632
1745567808
1745829984
1746092160
1746354336
1746616512
1746878688
1747140864
1747403040
1747665216
1747927392
1748189568
1748451744
1748713920
1748976096
1749238272
1749500448
1749762624
1750024800
1750286976
1750549152
1750811328
1751073504
1751335680
1751597856
1751860032
1752122208
1752384384
1752646560
1752908736
1753170912
1753433088
1753695264
1753957440
1754219616
1754481792
1754743968
1755006144
1755268320
1755530496
1755792672
1756054848
1756317024
1756579200
1756841376
1757103552
1757365728
1757627904
1757890080
1758152256
1758414432
1758676608
1758938784
1759200960
1759463136
1759725312
1759987488
1760249664
1760511840
1760774016
1761036192
1761298368
1761560544
1761822720
1762084896
1762347072
1762609248
1762871424
1763133600
1763395776
1763657952
1763920128
1764182304
1764444480
1764706656
1764968832
1765231008
1765493184
1765755360
1766017536
1766279712
1766541888
1766804064
1767066240
1767328416
1767590592
1767852768
1768114944
1768377120
1768639296
1768901472
1769163648
1769425824
1769688000
1769950176
1770212352
1770474528
1770736704
1770998880
1771261056
1771523232
1771785408
1772047584
1772309760
1772571936
1772834112
1773096288
1773358464
1773620640
1773882816
1774144992
1774407168
1774669344
1774931520
1775193696
1775455872
1775718048
1775980224
1776242400
1776504576
1776766752
1777028928
1777291104
1777553280
1777815456
1778077632
1778339808
1778601984
1778864160
1779126336
1779388512
1779650688
1779912864
1780175040
1780437216
1780699392
1780961568
1781223744
1781485920
1781748096
1782010272
1782272448
1782534624
1782796800
1783058976
1783321152
1783583328
1783845504
1784107680
1784369856
1784632032
1784894208
1785156384
1785418560
1785680736
1785942912
1786205088
1786467264
1786729440
1786991616
1787253792
1787515968
1787778144
1788040320
1788302496
1788564672
1788826848
1789089024
1789351200
1789613376
1789875552
1790137728
1790399904
1790662080
1790924256
1791186432
1791448608
1791710784
1791972960
1792235136
1792497312
1792759488
1793021664
1793283840
1793546016
1793808192
1794070368
1794332544
1794594720
1794856896
1795119072
1795381248
1795643424
1795905600
1796167776
1796429952
1796692128
1796954304
1797216480
1797478656
1797740832
1798003008
1798265184
1798527360
1798789536
1799051712
1799313888
1799576064
1799838240
1800100416
1800362592
1800624768
1800886944
1801149120
1801411296
1801673472
1801935648
1802197824
1802460000
1802722176
1802984352
1803246528
1803508704
1803770880
1804033056
1804295232
1804557408
1804819584
1805081760
1805343936
1805606112
1805868288
1806130464
1806392640
1806654816
1806916992
1807179168
1807441344
1807703520
1807965696
1808227872
1808490048
1808752224
1809014400
1809276576
1809538752
1809800928
1810063104
1810325280
1810587456
1810849632
1811111808
1811373984
1811636160
1811898336
1812160512
1812422688
1812684864
1812947040
1813209216
1813471392
1813733568
1813995744
1814257920
1814520096
1814782272
1815044448
1815306624
1815568800
1815830976
1816093152
1816355328
1816617504
1816879680
1817141856
1817404032
1817666208
1817928384
1818190560
1818452736
1818714912
1818977088
1819239264
1819501440
1819763616
1820025792
1820287968
1820550144
1820812320
1821074496
1821336672
1821598848
1821861024
1822123200
1822385376
1822647552
1822909728
1823171904
1823434080
1823696256
1823958432
1824220608
1824482784
1824744960
1825007136
1825269312
1825531488
1825793664
1826055840
1826318016
1826580192
1826842368
1827104544
1827366720
1827628896
1827891072
1828153248
1828415424
1828677600
1828939776
1829201952
1829464128
1829726304
1829988480
1830250656
1830512832
1830775008
1831037184
1831299360
1831561536
1831823712
1832085888
1832348064
1832610240
1832872416
1833134592
1833396768
1833658944
1833921120
1834183296
1834445472
1834707648
1834969824
1835232000
1835494176
1835756352
1836018528
1836280704
1836542880
1836805056
1837067232
1837329408
1837591584
1837853760
1838115936
1838378112
1838640288
1838902464
1839164640
1839426816
1839688992
1839951168
1840213344
1840475520
1840737696
1840999872
1841262048
1841524224
1841786400
1842048576
1842310752
1842572928
1842835104
1843097280
1843359456
1843621632
1843883808
1844145984
1844408160
1844670336
1844932512
1845194688
1845456864
1845719040
1845981216
1846243392
1846505568
1846767744
1847029920
1847292096
1847554272
1847816448
1848078624
1848340800
1848602976
1848865152
1849127328
1849389504
1849651680
1849913856
1850176032
1850438208
1850700384
1850962560
1851224736
1851486912
1851749088
1852011264
1852273440
1852535616
1852797792
1853059968
1853322144
1853584320
1853846496
1854108672
1854370848
1854633024
1854895200
1855157376
1855419552
1855681728
1855943904
1856206080
1856468256
1856730432
1856992608
1857254784
1857516960
1857779136
1858041312
1858303488
1858565664
1858827840
1859090016
1859352192
1859614368
1859876544
1860138720
1860400896
1860663072
1860925248
1861187424
1861449600
1861711776
1861973952
1862236128
1862498304
1862760480
1863022656
1863284832
1863547008
1863809184
1864071360
1864333536
1864595712
1864857888
1865120064
1865382240
1865644416
1865906592
1866168768
1866430944
1866693120
1866955296
1867217472
1867479648
1867741824
1868004000
1868266176
1868528352
1868790528
1869052704
1869314880
1869577056
1869839232
1870101408
1870363584
1870625760
1870887936
1871150112
1871412288
1871674464
1871936640
1872198816
1872460992
1872723168
1872985344
1873247520
1873509696
1873771872
1874034048
1874296224
1874558400
1874820576
1875082752
1875344928
1875607104
1875869280
1876131456
1876393632
1876655808
1876917984
1877180160
1877442336
1877704512
1877966688
1878228864
1878491040
1878753216
1879015392
1879277568
1879539744
1879801920
1880064096
1880326272
1880588448
1880850624
1881112800
1881374976
1881637152
1881899328
1882161504
1882423680
1882685856
1882948032
1883210208
1883472384
1883734560
1883996736
1884258912
1884521088
1884783264
1885045440
1885307616
1885569792
1885831968
1886094144
1886356320
1886618496
1886880672
1887142848
1887405024
1887667200
1887929376
1888191552
1888453728
1888715904
1888978080
1889240256
1889502432
1889764608
1890026784
1890288960
1890551136
1890813312
1891075488
1891337664
1891599840
1891862016
1892124192
1892386368
1892648544
1892910720
1893172896
1893435072
1893697248
1893959424
1894221600
1894483776
1894745952
1895008128
1895270304
1895532480
1895794656
1896056832
1896319008
1896581184
1896843360
1897105536
1897367712
1897629888
1897892064
1898154240
1898416416
1898678592
1898940768
1899202944
1899465120
1899727296
1899989472
1900251648
1900513824
1900776000
1901038176
1901300352
1901562528
1901824704
1902086880
1902349056
1902611232
1902873408
1903135584
1903397760
1903659936
1903922112
1904184288
1904446464
1904708640
1904970816
1905232992
1905495168
1905757344
1906019520
1906281696
1906543872
1906806048
1907068224
1907330400
1907592576
1907854752
1908116928
1908379104
1908641280
1908903456
1909165632
1909427808
1909689984
1909952160
1910214336
1910476512
1910738688
1911000864
1911263040
1911525216
1911787392
1912049568
1912311744
1912573920
1912836096
1913098272
1913360448
1913622624
1913884800
1914146976
1914409152
1914671328
1914933504
1915195680
1915457856
1915720032
1915982208
1916244384
1916506560
1916768736
1917030912
1917293088
1917555264
1917817440
1918079616
1918341792
1918603968
1918866144
1919128320
1919390496
1919652672
1919914848
1920177024
1920439200
1920701376
1920963552
1921225728
1921487904
1921750080
1922012256
1922274432
1922536608
1922798784
1923060960
1923323136
1923585312
1923847488
1924109664
1924371840
1924634016
1924896192
1925158368
1925420544
1925682720
1925944896
1926207072
1926469248
1926731424
1926993600
1927255776
1927517952
1927780128
1928042304
1928304480
1928566656
1928828832
1929091008
1929353184
1929615360
1929877536
1930139712
1930401888
1930664064
1930926240
1931188416
1931450592
1931712768
1931974944
1932237120
1932499296
1932761472
1933023648
1933285824
1933548000
1933810176
1934072352
1934334528
1934596704
1934858880
1935121056
1935383232
1935645408
1935907584
1936169760
1936431936
1936694112
1936956288
1937218464
1937480640
1937742816
1938004992
1938267168
1938529344
1938791520
1939053696
1939315872
1939578048
1939840224
1940102400
1940364576
1940626752
1940888928
1941151104
1941413280
1941675456
1941937632
1942199808
1942461984
1942724160
1942986336
1943248512
1943510688
1943772864
1944035040
1944297216
1944559392
1944821568
1945083744
1945345920
1945608096
1945870272
1946132448
1946394624
1946656800
1946918976
1947181152
1947443328
1947705504
1947967680
1948229856
1948492032
1948754208
1949016384
1949278560
1949540736
1949802912
1950065088
1950327264
1950589440
1950851616
1951113792
1951375968
1951638144
1951900320
1952162496
1952424672
1952686848
1952949024
1953211200
1953473376
1953735552
1953997728
1954259904
1954522080
1954784256
1955046432
1955308608
1955570784
1955832960
1956095136
1956357312
1956619488
1956881664
1957143840
1957406016
1957668192
1957930368
1958192544
1958454720
1958716896
1958979072
1959241248
1959503424
1959765600
1960027776
1960289952
1960552128
1960814304
1961076480
1961338656
1961600832
1961863008
1962125184
1962387360
1962649536
1962911712
1963173888
1963436064
1963698240
1963960416
1964222592
1964484768
1964746944
1965009120
1965271296
1965533472
1965795648
1966057824
1966320000
1966582176
1966844352
1967106528
1967368704
1967630880
1967893056
1968155232
1968417408
1968679584
1968941760
1969203936
1969466112
1969728288
1969990464
1970252640
1970514816
1970776992
1971039168
1971301344
1971563520
1971825696
1972087872
1972350048
1972612224
1972874400
1973136576
1973398752
1973660928
1973923104
1974185280
1974447456
1974709632
1974971808
1975233984
1975496160
1975758336
1976020512
1976282688
1976544864
1976807040
1977069216
1977331392
1977593568
1977855744
1978117920
1978380096
1978642272
1978904448
1979166624
1979428800
1979690976
1979953152
1980215328
1980477504
1980739680
1981001856
1981264032
1981526208
1981788384
1982050560
1982312736
1982574912
1982837088
1983099264
1983361440
1983623616
1983885792
1984147968
1984410144
1984672320
1984934496
1985196672
1985458848
1985721024
1985983200
1986245376
1986507552
1986769728
1987031904
1987294080
1987556256
1987818432
1988080608
1988342784
1988604960
1988867136
1989129312
1989391488
1989653664
1989915840
1990178016
1990440192
1990702368
1990964544
1991226720
1991488896
1991751072
1992013248
1992275424
1992537600
1992799776
1993061952
1993324128
1993586304
1993848480
1994110656
1994372832
1994635008
1994897184
1995159360
1995421536
1995683712
1995945888
1996208064
1996470240
1996732416
1996994592
1997256768
1997518944
1997781120
1998043296
1998305472
1998567648
1998829824
1999092000
1999354176
1999616352
1999878528
2000140704
2000402880
2000665056
2000927232
2001189408
2001451584
2001713760
2001975936
2002238112
2002500288
2002762464
2003024640
2003286816
2003548992
2003811168
2004073344
2004335520
2004597696
2004859872
2005122048
2005384224
2005646400
2005908576
2006170752
2006432928
2006695104
2006957280
2007219456
2007481632
2007743808
2008005984
2008268160
2008530336
2008792512
2009054688
2009316864
2009579040
2009841216
2010103392
2010365568
2010627744
2010889920
2011152096
2011414272
2011676448
2011938624
2012200800
2012462976
2012725152
2012987328
2013249504
2013511680
2013773856
2014036032
2014298208
2014560384
2014822560
2015084736
2015346912
2015609088
2015871264
2016133440
2016395616
2016657792
2016919968
2017182144
2017444320
2017706496
2017968672
2018230848
2018493024
2018755200
2019017376
2019279552
2019541728
2019803904
2020066080
2020328256
2020590432
2020852608
2021114784
2021376960
2021639136
2021901312
2022163488
2022425664
2022687840
2022950016
2023212192
2023474368
2023736544
2023998720
2024260896
2024523072
2024785248
2025047424
2025309600
2025571776
2025833952
2026096128
2026358304
2026620480
2026882656
2027144832
2027407008
2027669184
2027931360
2028193536
2028455712
2028717888
2028980064
2029242240
2029504416
2029766592
2030028768
2030290944
2030553120
2030815296
2031077472
2031339648
2031601824
2031864000
2032126176
2032388352
2032650528
2032912704
2033174880
2033437056
2033699232
2033961408
2034223584
2034485760
2034747936
2035010112
2035272288
2035534464
2035796640
2036058816
2036320992
2036583168
2036845344
2037107520
2037369696
2037631872
2037894048
2038156224
2038418400
2038680576
2038942752
2039204928
2039467104
2039729280
2039991456
2040253632
2040515808
2040777984
2041040160
2041302336
2041564512
2041826688
2042088864
2042351040
2042613216
2042875392
2043137568
2043399744
2043661920
2043924096
2044186272
2044448448
2044710624
2044972800
2045234976
2045497152
2045759328
2046021504
2046283680
2046545856
2046808032
2047070208
2047332384
2047594560
2047856736
2048118912
2048381088
2048643264
2048905440
2049167616
2049429792
2049691968
2049954144
2050216320
2050478496
2050740672
2051002848
2051265024
2051527200
2051789376
2052051552
2052313728
2052575904
2052838080
2053100256
2053362432
2053624608
2053886784
2054148960
2054411136
2054673312
2054935488
2055197664
2055459840
2055722016
2055984192
2056246368
2056508544
2056770720
2057032896
2057295072
2057557248
2057819424
2058081600
2058343776
2058605952
2058868128
2059130304
2059392480
2059654656
2059916832
2060179008
2060441184
2060703360
2060965536
2061227712
2061489888
2061752064
2062014240
2062276416
2062538592
2062800768
2063062944
2063325120
2063587296
2063849472
2064111648
2064373824
2064636000
2064898176
2065160352
2065422528
2065684704
2065946880
2066209056
2066471232
2066733408
2066995584
2067257760
2067519936
2067782112
2068044288
2068306464
2068568640
2068830816
2069092992
2069355168
2069617344
2069879520
2070141696
2070403872
2070666048
2070928224
2071190400
2071452576
2071714752
2071976928
2072239104
2072501280
2072763456
2073025632
2073287808
2073549984
2073812160
2074074336
2074336512
2074598688
2074860864
2075123040
2075385216
2075647392
2075909568
2076171744
2076433920
2076696096
2076958272
2077220448
2077482624
2077744800
2078006976
2078269152
2078531328
2078793504
2079055680
2079317856
2079580032
2079842208
2080104384
2080366560
2080628736
2080890912
2081153088
2081415264
2081677440
2081939616
2082201792
2082463968
2082726144
2082988320
2083250496
2083512672
2083774848
2084037024
2084299200
2084561376
2084823552
2085085728
2085347904
2085610080
2085872256
2086134432
2086396608
2086658784
2086920960
2087183136
2087445312
2087707488
2087969664
2088231840
2088494016
2088756192
2089018368
2089280544
2089542720
2089804896
2090067072
2090329248
2090591424
2090853600
2091115776
2091377952
2091640128
2091902304
2092164480
2092426656
2092688832
2092951008
2093213184
2093475360
2093737536
2093999712
2094261888
2094524064
2094786240
2095048416
2095310592
2095572768
2095834944
2096097120
2096359296
2096621472
2096883648
2097145824
2097408000
2097670176
2097932352
2098194528
2098456704
2098718880
2098981056
2099243232
2099505408
2099767584
2100029760
2100291936
2100554112
2100816288
2101078464
2101340640
2101602816
2101864992
2102127168
2102389344
2102651520
2102913696
2103175872
2103438048
2103700224
2103962400
2104224576
2104486752
2104748928
2105011104
2105273280
2105535456
2105797632
2106059808
2106321984
2106584160
2106846336
2107108512
2107370688
2107632864
2107895040
2108157216
2108419392
2108681568
2108943744
2109205920
2109468096
2109730272
2109992448
2110254624
2110516800
2110778976
2111041152
2111303328
2111565504
2111827680
2112089856
2112352032
2112614208
2112876384
2113138560
2113400736
2113662912
2113925088
2114187264
2114449440
2114711616
2114973792
2115235968
2115498144
2115760320
2116022496
2116284672
2116546848
2116809024
2117071200
2117333376
2117595552
2117857728
2118119904
2118382080
2118644256
2118906432
2119168608
2119430784
2119692960
2119955136
2120217312
2120479488
2120741664
2121003840
2121266016
2121528192
2121790368
2122052544
2122314720
2122576896
2122839072
2123101248
2123363424
2123625600
2123887776
2124149952
2124412128
2124674304
2124936480
2125198656
2125460832
2125723008
2125985184
2126247360
2126509536
2126771712
2127033888
2127296064
2127558240
2127820416
2128082592
2128344768
2128606944
2128869120
2129131296
2129393472
2129655648
2129917824
2130180000
2130442176
2130704352
2130966528
2131228704
2131490880
2131753056
2132015232
2132277408
2132539584
2132801760
2133063936
2133326112
2133588288
2133850464
2134112640
2134374816
2134636992
2134899168
2135161344
2135423520
2135685696
2135947872
2136210048
2136472224
2136734400
2136996576
2137258752
2137520928
2137783104
2138045280
2138307456
2138569632
2138831808
2139093984
2139356160
2139618336
2139880512
2140142688
2140404864
2140667040
2140929216
2141191392
2141453568
2141715744
2141977920
2142240096
2142502272
2142764448
2143026624
2143288800
2143550976
2143813152
2144075328
2144337504
2144599680
2144861856
2145124032
2145386208
2145648384
2145910560
2146172736
2146434912
2146697088
2146959264
2147221440
2147483616
