2147483616
2147221440
2146959264
2146697088
2146434912
2146172736
2145910560
2145648384
2145386208
2145124032
2144861856
2144599680
2144337504
2144075328
2143813152
2143550976
2143288800
2143026624
2142764448
2142502272
2142240096
2141977920
2141715744
2141453568
2141191392
2140929216
2140667040
2140404864
2140142688
2139880512
2139618336
2139356160
2139093984
2138831808
2138569632
2138307456
2138045280
2137783104
2137520928
2137258752
2136996576
2136734400
2136472224
2136210048
2135947872
2135685696
2135423520
2135161344
2134899168
2134636992
2134374816
2134112640
2133850464
2133588288
2133326112
2133063936
2132801760
2132539584
2132277408
2132015232
2131753056
2131490880
2131228704
2130966528
2130704352
2130442176
2130180000
2129917824
2129655648
2129393472
2129131296
2128869120
2128606944
2128344768
2128082592
2127820416
2127558240
2127296064
2127033888
2126771712
2126509536
2126247360
2125985184
2125723008
2125460832
2125198656
2124936480
2124674304
2124412128
2124149952
2123887776
2123625600
2123363424
2123101248
2122839072
2122576896
2122314720
2122052544
2121790368
2121528192
2121266016
2121003840
2120741664
2120479488
2120217312
2119955136
2119692960
2119430784
2119168608
2118906432
2118644256
2118382080
2118119904
2117857728
2117595552
2117333376
2117071200
2116809024
2116546848
2116284672
2116022496
2115760320
2115498144
2115235968
2114973792
2114711616
2114449440
2114187264
2113925088
2113662912
2113400736
2113138560
2112876384
2112614208
2112352032
2112089856
2111827680
2111565504
2111303328
2111041152
2110778976
2110516800
2110254624
2109992448
2109730272
2109468096
2109205920
2108943744
2108681568
2108419392
2108157216
2107895040
2107632864
2107370688
2107108512
2106846336
2106584160
2106321984
2106059808
2105797632
2105535456
2105273280
2105011104
2104748928
2104486752
2104224576
2103962400
2103700224
2103438048
2103175872
2102913696
2102651520
2102389344
2102127168
2101864992
2101602816
2101340640
2101078464
2100816288
2100554112
2100291936
2100029760
2099767584
2099505408
2099243232
2098981056
2098718880
2098456704
2098194528
2097932352
2097670176
2097408000
2097145824
2096883648
2096621472
2096359296
2096097120
2095834944
2095572768
2095310592
2095048416
2094786240
2094524064
2094261888
2093999712
2093737536
2093475360
2093213184
2092951008
2092688832
2092426656
2092164480
2091902304
2091640128
2091377952
2091115776
2090853600
2090591424
2090329248
2090067072
2089804896
2089542720
2089280544
2089018368
2088756192
2088494016
2088231840
2087969664
2087707488
2087445312
2087183136
2086920960
2086658784
2086396608
2086134432
2085872256
2085610080
2085347904
2085085728
2084823552
2084561376
2084299200
2084037024
2083774848
2083512672
2083250496
2082988320
2082726144
2082463968
2082201792
2081939616
2081677440
2081415264
2081153088
2080890912
2080628736
2080366560
2080104384
2079842208
2079580032
2079317856
2079055680
2078793504
2078531328
2078269152
2078006976
2077744800
2077482624
2077220448
2076958272
2076696096
2076433920
2076171744
2075909568
2075647392
2075385216
2075123040
2074860864
2074598688
2074336512
2074074336
2073812160
2073549984
2073287808
2073025632
2072763456
2072501280
2072239104
2071976928
2071714752
2071452576
2071190400
2070928224
2070666048
2070403872
2070141696
2069879520
2069617344
2069355168
2069092992
2068830816
2068568640
2068306464
2068044288
2067782112
2067519936
2067257760
2066995584
2066733408
2066471232
2066209056
2065946880
2065684704
2065422528
2065160352
2064898176
2064636000
2064373824
2064111648
2063849472
2063587296
2063325120
2063062944
2062800768
2062538592
2062276416
2062014240
2061752064
2061489888
2061227712
2060965536
2060703360
2060441184
2060179008
2059916832
2059654656
2059392480
2059130304
2058868128
2058605952
2058343776
2058081600
2057819424
2057557248
2057295072
2057032896
2056770720
2056508544
2056246368
2055984192
2055722016
2055459840
2055197664
2054935488
2054673312
2054411136
2054148960
2053886784
2053624608
2053362432
2053100256
2052838080
2052575904
2052313728
2052051552
2051789376
2051527200
2051265024
2051002848
2050740672
2050478496
2050216320
2049954144
2049691968
2049429792
2049167616
2048905440
2048643264
2048381088
2048118912
2047856736
2047594560
2047332384
2047070208
2046808032
2046545856
2046283680
2046021504
2045759328
2045497152
2045234976
2044972800
2044710624
2044448448
2044186272
2043924096
2043661920
2043399744
2043137568
2042875392
2042613216
2042351040
2042088864
2041826688
2041564512
2041302336
2041040160
2040777984
2040515808
2040253632
2039991456
2039729280
2039467104
2039204928
2038942752
2038680576
2038418400
2038156224
2037894048
2037631872
2037369696
2037107520
2036845344
2036583168
2036320992
2036058816
2035796640
2035534464
2035272288
2035010112
2034747936
2034485760
2034223584
2033961408
2033699232
2033437056
2033174880
2032912704
2032650528
2032388352
2032126176
2031864000
2031601824
2031339648
2031077472
2030815296
2030553120
2030290944
2030028768
2029766592
2029504416
2029242240
2028980064
2028717888
2028455712
2028193536
2027931360
2027669184
2027407008
2027144832
2026882656
2026620480
2026358304
2026096128
2025833952
2025571776
2025309600
2025047424
2024785248
2024523072
2024260896
2023998720
2023736544
2023474368
2023212192
2022950016
2022687840
2022425664
2022163488
2021901312
2021639136
2021376960
2021114784
2020852608
2020590432
2020328256
2020066080
2019803904
2019541728
2019279552
2019017376
2018755200
2018493024
2018230848
2017968672
2017706496
2017444320
2017182144
2016919968
2016657792
2016395616
2016133440
2015871264
2015609088
2015346912
2015084736
2014822560
2014560384
2014298208
2014036032
2013773856
2013511680
2013249504
2012987328
2012725152
2012462976
2012200800
2011938624
2011676448
2011414272
2011152096
2010889920
2010627744
2010365568
2010103392
2009841216
2009579040
2009316864
2009054688
2008792512
2008530336
2008268160
2008005984
2007743808
2007481632
2007219456
2006957280
2006695104
2006432928
2006170752
2005908576
2005646400
2005384224
2005122048
2004859872
2004597696
2004335520
2004073344
2003811168
2003548992
2003286816
2003024640
2002762464
2002500288
2002238112
2001975936
2001713760
2001451584
2001189408
2000927232
2000665056
2000402880
2000140704
1999878528
1999616352
1999354176
1999092000
1998829824
1998567648
1998305472
1998043296
1997781120
1997518944
1997256768
1996994592
1996732416
1996470240
1996208064
1995945888
1995683712
1995421536
1995159360
1994897184
1994635008
1994372832
1994110656
1993848480
1993586304
1993324128
1993061952
1992799776
1992537600
1992275424
1992013248
1991751072
1991488896
1991226720
1990964544
1990702368
1990440192
1990178016
1989915840
1989653664
1989391488
1989129312
1988867136
1988604960
1988342784
1988080608
1987818432
1987556256
1987294080
1987031904
1986769728
1986507552
1986245376
1985983200
1985721024
1985458848
1985196672
1984934496
1984672320
1984410144
1984147968
1983885792
1983623616
1983361440
1983099264
1982837088
1982574912
1982312736
1982050560
1981788384
1981526208
1981264032
1981001856
1980739680
1980477504
1980215328
1979953152
1979690976
1979428800
1979166624
1978904448
1978642272
1978380096
1978117920
1977855744
1977593568
1977331392
1977069216
1976807040
1976544864
1976282688
1976020512
1975758336
1975496160
1975233984
1974971808
1974709632
1974447456
1974185280
1973923104
1973660928
1973398752
1973136576
1972874400
1972612224
1972350048
1972087872
1971825696
1971563520
1971301344
1971039168
1970776992
1970514816
1970252640
1969990464
1969728288
1969466112
1969203936
1968941760
1968679584
1968417408
1968155232
1967893056
1967630880
1967368704
1967106528
1966844352
1966582176
1966320000
1966057824
1965795648
1965533472
1965271296
1965009120
1964746944
1964484768
1964222592
1963960416
1963698240
1963436064
1963173888
1962911712
1962649536
1962387360
1962125184
1961863008
1961600832
1961338656
1961076480
1960814304
1960552128
1960289952
1960027776
1959765600
1959503424
1959241248
1958979072
1958716896
1958454720
1958192544
1957930368
1957668192
1957406016
1957143840
1956881664
1956619488
1956357312
1956095136
1955832960
1955570784
1955308608
1955046432
1954784256
1954522080
1954259904
1953997728
1953735552
1953473376
1953211200
1952949024
1952686848
1952424672
1952162496
1951900320
1951638144
1951375968
1951113792
1950851616
1950589440
1950327264
1950065088
1949802912
1949540736
1949278560
1949016384
1948754208
1948492032
1948229856
1947967680
1947705504
1947443328
1947181152
1946918976
1946656800
1946394624
1946132448
1945870272
1945608096
1945345920
1945083744
1944821568
1944559392
1944297216
1944035040
1943772864
1943510688
1943248512
1942986336
1942724160
1942461984
1942199808
1941937632
1941675456
1941413280
1941151104
1940888928
1940626752
1940364576
1940102400
1939840224
1939578048
1939315872
1939053696
1938791520
1938529344
1938267168
1938004992
1937742816
1937480640
1937218464
1936956288
1936694112
1936431936
1936169760
1935907584
1935645408
1935383232
1935121056
1934858880
1934596704
1934334528
1934072352
1933810176
1933548000
1933285824
1933023648
1932761472
1932499296
1932237120
1931974944
1931712768
1931450592
1931188416
1930926240
1930664064
1930401888
1930139712
1929877536
1929615360
1929353184
1929091008
1928828832
1928566656
1928304480
1928042304
1927780128
1927517952
1927255776
1926993600
1926731424
1926469248
1926207072
1925944896
1925682720
1925420544
1925158368
1924896192
1924634016
1924371840
1924109664
1923847488
1923585312
1923323136
1923060960
1922798784
1922536608
1922274432
1922012256
1921750080
1921487904
1921225728
1920963552
1920701376
1920439200
1920177024
1919914848
1919652672
1919390496
1919128320
1918866144
1918603968
1918341792
1918079616
1917817440
1917555264
1917293088
1917030912
1916768736
1916506560
1916244384
1915982208
1915720032
1915457856
1915195680
1914933504
1914671328
1914409152
1914146976
1913884800
1913622624
1913360448
1913098272
1912836096
1912573920
1912311744
1912049568
1911787392
1911525216
1911263040
1911000864
1910738688
1910476512
1910214336
1909952160
1909689984
1909427808
1909165632
1908903456
1908641280
1908379104
1908116928
1907854752
1907592576
1907330400
1907068224
1906806048
1906543872
1906281696
1906019520
1905757344
1905495168
1905232992
1904970816
1904708640
1904446464
1904184288
1903922112
1903659936
1903397760
1903135584
1902873408
1902611232
1902349056
1902086880
1901824704
1901562528
1901300352
1901038176
1900776000
1900513824
1900251648
1899989472
1899727296
1899465120
1899202944
1898940768
1898678592
1898416416
1898154240
1897892064
1897629888
1897367712
1897105536
1896843360
1896581184
1896319008
1896056832
1895794656
1895532480
1895270304
1895008128
1894745952
1894483776
1894221600
1893959424
1893697248
1893435072
1893172896
1892910720
1892648544
1892386368
1892124192
1891862016
1891599840
1891337664
1891075488
1890813312
1890551136
1890288960
1890026784
1889764608
1889502432
1889240256
1888978080
1888715904
1888453728
1888191552
1887929376
1887667200
1887405024
1887142848
1886880672
1886618496
1886356320
1886094144
1885831968
1885569792
1885307616
1885045440
1884783264
1884521088
1884258912
1883996736
1883734560
1883472384
1883210208
1882948032
1882685856
1882423680
1882161504
1881899328
1881637152
1881374976
1881112800
1880850624
1880588448
1880326272
1880064096
1879801920
1879539744
1879277568
1879015392
1878753216
1878491040
1878228864
1877966688
1877704512
1877442336
1877180160
1876917984
1876655808
1876393632
1876131456
1875869280
1875607104
1875344928
1875082752
1874820576
1874558400
1874296224
1874034048
1873771872
1873509696
1873247520
1872985344
1872723168
1872460992
1872198816
1871936640
1871674464
1871412288
1871150112
1870887936
1870625760
1870363584
1870101408
1869839232
1869577056
1869314880
1869052704
1868790528
1868528352
1868266176
1868004000
1867741824
1867479648
1867217472
1866955296
1866693120
1866430944
1866168768
1865906592
1865644416
1865382240
1865120064
1864857888
1864595712
1864333536
1864071360
1863809184
1863547008
1863284832
1863022656
1862760480
1862498304
1862236128
1861973952
1861711776
1861449600
1861187424
1860925248
1860663072
1860400896
1860138720
1859876544
1859614368
1859352192
1859090016
1858827840
1858565664
1858303488
1858041312
1857779136
1857516960
1857254784
1856992608
1856730432
1856468256
1856206080
1855943904
1855681728
1855419552
1855157376
1854895200
1854633024
1854370848
1854108672
1853846496
1853584320
1853322144
1853059968
1852797792
1852535616
1852273440
1852011264
1851749088
1851486912
1851224736
1850962560
1850700384
1850438208
1850176032
1849913856
1849651680
1849389504
1849127328
1848865152
1848602976
1848340800
1848078624
1847816448
1847554272
1847292096
1847029920
1846767744
1846505568
1846243392
1845981216
1845719040
1845456864
1845194688
1844932512
1844670336
1844408160
1844145984
1843883808
1843621632
1843359456
1843097280
1842835104
1842572928
1842310752
1842048576
1841786400
1841524224
1841262048
1840999872
1840737696
1840475520
1840213344
1839951168
1839688992
1839426816
1839164640
1838902464
1838640288
1838378112
1838115936
1837853760
1837591584
1837329408
1837067232
1836805056
1836542880
1836280704
1836018528
1835756352
1835494176
1835232000
1834969824
1834707648
1834445472
1834183296
1833921120
1833658944
1833396768
1833134592
1832872416
1832610240
1832348064
1832085888
1831823712
1831561536
1831299360
1831037184
1830775008
1830512832
1830250656
1829988480
1829726304
1829464128
1829201952
1828939776
1828677600
1828415424
1828153248
1827891072
1827628896
1827366720
1827104544
1826842368
1826580192
1826318016
1826055840
1825793664
1825531488
1825269312
1825007136
1824744960
1824482784
1824220608
1823958432
1823696256
1823434080
1823171904
1822909728
1822647552
1822385376
1822123200
1821861024
1821598848
1821336672
1821074496
1820812320
1820550144
1820287968
1820025792
1819763616
1819501440
1819239264
1818977088
1818714912
1818452736
1818190560
1817928384
1817666208
1817404032
1817141856
1816879680
1816617504
1816355328
1816093152
1815830976
1815568800
1815306624
1815044448
1814782272
1814520096
1814257920
1813995744
1813733568
1813471392
1813209216
1812947040
1812684864
1812422688
1812160512
1811898336
1811636160
1811373984
1811111808
1810849632
1810587456
1810325280
1810063104
1809800928
1809538752
1809276576
1809014400
1808752224
1808490048
1808227872
1807965696
1807703520
1807441344
1807179168
1806916992
1806654816
1806392640
1806130464
1805868288
1805606112
1805343936
1805081760
1804819584
1804557408
1804295232
1804033056
1803770880
1803508704
1803246528
1802984352
1802722176
1802460000
1802197824
1801935648
1801673472
1801411296
1801149120
1800886944
1800624768
1800362592
1800100416
1799838240
1799576064
1799313888
1799051712
1798789536
1798527360
1798265184
1798003008
1797740832
1797478656
1797216480
1796954304
1796692128
1796429952
1796167776
1795905600
1795643424
1795381248
1795119072
1794856896
1794594720
1794332544
1794070368
1793808192
1793546016
1793283840
1793021664
1792759488
1792497312
1792235136
1791972960
1791710784
1791448608
1791186432
1790924256
1790662080
1790399904
1790137728
1789875552
1789613376
1789351200
1789089024
1788826848
1788564672
1788302496
1788040320
1787778144
1787515968
1787253792
1786991616
1786729440
1786467264
1786205088
1785942912
1785680736
1785418560
1785156384
1784894208
1784632032
1784369856
1784107680
1783845504
1783583328
1783321152
1783058976
1782796800
1782534624
1782272448
1782010272
1781748096
1781485920
1781223744
1780961568
1780699392
1780437216
1780175040
1779912864
1779650688
1779388512
1779126336
1778864160
1778601984
1778339808
1778077632
1777815456
1777553280
1777291104
1777028928
1776766752
1776504576
1776242400
1775980224
1775718048
1775455872
1775193696
1774931520
1774669344
1774407168
1774144992
1773882816
1773620640
1773358464
1773096288
1772834112
1772571936
1772309760
1772047584
1771785408
1771523232
1771261056
1770998880
1770736704
1770474528
1770212352
1769950176
1769688000
1769425824
1769163648
1768901472
1768639296
1768377120
1768114944
1767852768
1767590592
1767328416
1767066240
1766804064
1766541888
1766279712
1766017536
1765755360
1765493184
1765231008
1764968832
1764706656
1764444480
1764182304
1763920128
1763657952
1763395776
1763133600
1762871424
1762609248
1762347072
1762084896
1761822720
1761560544
1761298368
1761036192
1760774016
1760511840
1760249664
1759987488
1759725312
1759463136
1759200960
1758938784
1758676608
1758414432
1758152256
1757890080
1757627904
1757365728
1757103552
1756841376
1756579200
1756317024
1756054848
1755792672
1755530496
1755268320
1755006144
1754743968
1754481792
1754219616
1753957440
1753695264
1753433088
1753170912
1752908736
1752646560
1752384384
1752122208
1751860032
1751597856
1751335680
1751073504
1750811328
1750549152
1750286976
1750024800
1749762624
1749500448
1749238272
1748976096
1748713920
1748451744
1748189568
1747927392
1747665216
1747403040
1747140864
1746878688
1746616512
1746354336
1746092160
1745829984
1745567808
1745305632
1745043456
1744781280
1744519104
1744256928
1743994752
1743732576
1743470400
1743208224
1742946048
1742683872
1742421696
1742159520
1741897344
1741635168
1741372992
1741110816
1740848640
1740586464
1740324288
1740062112
1739799936
1739537760
1739275584
1739013408
1738751232
1738489056
1738226880
1737964704
1737702528
1737440352
1737178176
1736916000
1736653824
1736391648
1736129472
1735867296
1735605120
1735342944
1735080768
1734818592
1734556416
1734294240
1734032064
1733769888
1733507712
1733245536
1732983360
1732721184
1732459008
1732196832
1731934656
1731672480
1731410304
1731148128
1730885952
1730623776
1730361600
1730099424
1729837248
1729575072
1729312896
1729050720
1728788544
1728526368
1728264192
1728002016
1727739840
1727477664
1727215488
1726953312
1726691136
1726428960
1726166784
1725904608
1725642432
1725380256
1725118080
1724855904
1724593728
1724331552
1724069376
1723807200
1723545024
1723282848
1723020672
1722758496
1722496320
1722234144
1721971968
1721709792
1721447616
1721185440
1720923264
1720661088
1720398912
1720136736
1719874560
1719612384
1719350208
1719088032
1718825856
1718563680
1718301504
1718039328
1717777152
1717514976
1717252800
1716990624
1716728448
1716466272
1716204096
1715941920
1715679744
1715417568
1715155392
1714893216
1714631040
1714368864
1714106688
1713844512
1713582336
1713320160
1713057984
1712795808
1712533632
1712271456
1712009280
1711747104
1711484928
1711222752
1710960576
1710698400
1710436224
1710174048
1709911872
1709649696
1709387520
1709125344
1708863168
1708600992
1708338816
1708076640
1707814464
1707552288
1707290112
1707027936
1706765760
1706503584
1706241408
1705979232
1705717056
1705454880
1705192704
1704930528
1704668352
1704406176
1704144000
1703881824
1703619648
1703357472
1703095296
1702833120
1702570944
1702308768
1702046592
1701784416
1701522240
1701260064
1700997888
1700735712
1700473536
1700211360
1699949184
1699687008
1699424832
1699162656
1698900480
1698638304
1698376128
1698113952
1697851776
1697589600
1697327424
1697065248
1696803072
1696540896
1696278720
1696016544
1695754368
1695492192
1695230016
1694967840
1694705664
1694443488
1694181312
1693919136
1693656960
1693394784
1693132608
1692870432
1692608256
1692346080
1692083904
1691821728
1691559552
1691297376
1691035200
1690773024
1690510848
1690248672
1689986496
1689724320
1689462144
1689199968
1688937792
1688675616
1688413440
1688151264
1687889088
1687626912
1687364736
1687102560
1686840384
1686578208
1686316032
1686053856
1685791680
1685529504
1685267328
1685005152
1684742976
1684480800
1684218624
1683956448
1683694272
1683432096
1683169920
1682907744
1682645568
1682383392
1682121216
1681859040
1681596864
1681334688
1681072512
1680810336
1680548160
1680285984
1680023808
1679761632
1679499456
1679237280
1678975104
1678712928
1678450752
1678188576
1677926400
1677664224
1677402048
1677139872
1676877696
1676615520
1676353344
1676091168
1675828992
1675566816
1675304640
1675042464
1674780288
1674518112
1674255936
1673993760
1673731584
1673469408
1673207232
1672945056
1672682880
1672420704
1672158528
1671896352
1671634176
1671372000
1671109824
1670847648
1670585472
1670323296
1670061120
1669798944
1669536768
1669274592
1669012416
1668750240
1668488064
1668225888
1667963712
1667701536
1667439360
1667177184
1666915008
1666652832
1666390656
1666128480
1665866304
1665604128
1665341952
1665079776
1664817600
1664555424
1664293248
1664031072
1663768896
1663506720
1663244544
1662982368
1662720192
1662458016
1662195840
1661933664
1661671488
1661409312
1661147136
1660884960
1660622784
1660360608
1660098432
1659836256
1659574080
1659311904
1659049728
1658787552
1658525376
1658263200
1658001024
1657738848
1657476672
1657214496
1656952320
1656690144
1656427968
1656165792
1655903616
1655641440
1655379264
1655117088
1654854912
1654592736
1654330560
1654068384
1653806208
1653544032
1653281856
1653019680
1652757504
1652495328
1652233152
1651970976
1651708800
1651446624
1651184448
1650922272
1650660096
1650397920
1650135744
1649873568
1649611392
1649349216
1649087040
1648824864
1648562688
1648300512
1648038336
1647776160
1647513984
1647251808
1646989632
1646727456
1646465280
1646203104
1645940928
1645678752
1645416576
1645154400
1644892224
1644630048
1644367872
1644105696
1643843520
1643581344
1643319168
1643056992
1642794816
1642532640
1642270464
1642008288
1641746112
1641483936
1641221760
1640959584
1640697408
1640435232
1640173056
1639910880
1639648704
1639386528
1639124352
1638862176
1638600000
1638337824
1638075648
1637813472
1637551296
1637289120
1637026944
1636764768
1636502592
1636240416
1635978240
1635716064
1635453888
1635191712
1634929536
1634667360
1634405184
1634143008
1633880832
1633618656
1633356480
1633094304
1632832128
1632569952
1632307776
1632045600
1631783424
1631521248
1631259072
1630996896
1630734720
1630472544
1630210368
1629948192
1629686016
1629423840
1629161664
1628899488
1628637312
1628375136
1628112960
1627850784
1627588608
1627326432
1627064256
1626802080
1626539904
1626277728
1626015552
1625753376
1625491200
1625229024
1624966848
1624704672
1624442496
1624180320
1623918144
1623655968
1623393792
1623131616
1622869440
1622607264
1622345088
1622082912
1621820736
1621558560
1621296384
1621034208
1620772032
1620509856
1620247680
1619985504
1619723328
1619461152
1619198976
1618936800
1618674624
1618412448
1618150272
1617888096
1617625920
1617363744
1617101568
1616839392
1616577216
1616315040
1616052864
1615790688
1615528512
1615266336
1615004160
1614741984
1614479808
1614217632
1613955456
1613693280
1613431104
1613168928
1612906752
1612644576
1612382400
1612120224
1611858048
1611595872
1611333696
1611071520
1610809344
1610547168
1610284992
1610022816
1609760640
1609498464
1609236288
1608974112
1608711936
1608449760
1608187584
1607925408
1607663232
1607401056
1607138880
1606876704
1606614528
1606352352
1606090176
1605828000
1605565824
1605303648
1605041472
1604779296
1604517120
1604254944
1603992768
1603730592
1603468416
1603206240
1602944064
1602681888
1602419712
1602157536
1601895360
1601633184
1601371008
1601108832
1600846656
1600584480
1600322304
1600060128
1599797952
1599535776
1599273600
1599011424
1598749248
1598487072
1598224896
1597962720
1597700544
1597438368
1597176192
1596914016
1596651840
1596389664
1596127488
1595865312
1595603136
1595340960
1595078784
1594816608
1594554432
1594292256
1594030080
1593767904
1593505728
1593243552
1592981376
1592719200
1592457024
1592194848
1591932672
1591670496
1591408320
1591146144
1590883968
1590621792
1590359616
1590097440
1589835264
1589573088
1589310912
1589048736
1588786560
1588524384
1588262208
1588000032
1587737856
1587475680
1587213504
1586951328
1586689152
1586426976
1586164800
1585902624
1585640448
1585378272
1585116096
1584853920
1584591744
1584329568
1584067392
1583805216
1583543040
1583280864
1583018688
1582756512
1582494336
1582232160
1581969984
1581707808
1581445632
1581183456
1580921280
1580659104
1580396928
1580134752
1579872576
1579610400
1579348224
1579086048
1578823872
1578561696
1578299520
1578037344
1577775168
1577512992
1577250816
1576988640
1576726464
1576464288
1576202112
1575939936
1575677760
1575415584
1575153408
1574891232
1574629056
1574366880
1574104704
1573842528
1573580352
1573318176
1573056000
1572793824
1572531648
1572269472
1572007296
1571745120
1571482944
1571220768
1570958592
1570696416
1570434240
1570172064
1569909888
1569647712
1569385536
1569123360
1568861184
1568599008
1568336832
1568074656
1567812480
1567550304
1567288128
1567025952
1566763776
1566501600
1566239424
1565977248
1565715072
1565452896
1565190720
1564928544
1564666368
1564404192
1564142016
1563879840
1563617664
1563355488
1563093312
1562831136
1562568960
1562306784
1562044608
1561782432
1561520256
1561258080
1560995904
1560733728
1560471552
1560209376
1559947200
1559685024
1559422848
1559160672
1558898496
1558636320
1558374144
1558111968
1557849792
1557587616
1557325440
1557063264
1556801088
1556538912
1556276736
1556014560
1555752384
1555490208
1555228032
1554965856
1554703680
1554441504
1554179328
1553917152
1553654976
1553392800
1553130624
1552868448
1552606272
1552344096
1552081920
1551819744
1551557568
1551295392
1551033216
1550771040
1550508864
1550246688
1549984512
1549722336
1549460160
1549197984
1548935808
1548673632
1548411456
1548149280
1547887104
1547624928
1547362752
1547100576
1546838400
1546576224
1546314048
1546051872
1545789696
1545527520
1545265344
1545003168
1544740992
1544478816
1544216640
1543954464
1543692288
1543430112
1543167936
1542905760
1542643584
1542381408
1542119232
1541857056
1541594880
1541332704
1541070528
1540808352
1540546176
1540284000
1540021824
1539759648
1539497472
1539235296
1538973120
1538710944
1538448768
1538186592
1537924416
1537662240
1537400064
1537137888
1536875712
1536613536
1536351360
1536089184
1535827008
1535564832
1535302656
1535040480
1534778304
1534516128
1534253952
1533991776
1533729600
1533467424
1533205248
1532943072
1532680896
1532418720
1532156544
1531894368
1531632192
1531370016
1531107840
1530845664
1530583488
1530321312
1530059136
1529796960
1529534784
1529272608
1529010432
1528748256
1528486080
1528223904
1527961728
1527699552
1527437376
1527175200
1526913024
1526650848
1526388672
1526126496
1525864320
1525602144
1525339968
1525077792
1524815616
1524553440
1524291264
1524029088
1523766912
1523504736
1523242560
1522980384
1522718208
1522456032
1522193856
1521931680
1521669504
1521407328
1521145152
1520882976
1520620800
1520358624
1520096448
1519834272
1519572096
1519309920
1519047744
1518785568
1518523392
1518261216
1517999040
1517736864
1517474688
1517212512
1516950336
1516688160
1516425984
1516163808
1515901632
1515639456
1515377280
1515115104
1514852928
1514590752
1514328576
1514066400
1513804224
1513542048
1513279872
1513017696
1512755520
1512493344
1512231168
1511968992
1511706816
1511444640
1511182464
1510920288
1510658112
1510395936
1510133760
1509871584
1509609408
1509347232
1509085056
1508822880
1508560704
1508298528
1508036352
1507774176
1507512000
1507249824
1506987648
1506725472
1506463296
1506201120
1505938944
1505676768
1505414592
1505152416
1504890240
1504628064
1504365888
1504103712
1503841536
1503579360
1503317184
1503055008
1502792832
1502530656
1502268480
1502006304
1501744128
1501481952
1501219776
1500957600
1500695424
1500433248
1500171072
1499908896
1499646720
1499384544
1499122368
1498860192
1498598016
1498335840
1498073664
1497811488
1497549312
1497287136
1497024960
1496762784
1496500608
1496238432
1495976256
1495714080
1495451904
1495189728
1494927552
1494665376
1494403200
1494141024
1493878848
1493616672
1493354496
1493092320
1492830144
1492567968
1492305792
1492043616
1491781440
1491519264
1491257088
1490994912
1490732736
1490470560
1490208384
1489946208
1489684032
1489421856
1489159680
1488897504
1488635328
1488373152
1488110976
1487848800
1487586624
1487324448
1487062272
1486800096
1486537920
1486275744
1486013568
1485751392
1485489216
1485227040
1484964864
1484702688
1484440512
1484178336
1483916160
1483653984
1483391808
1483129632
1482867456
1482605280
1482343104
1482080928
1481818752
1481556576
1481294400
1481032224
1480770048
1480507872
1480245696
1479983520
1479721344
1479459168
1479196992
1478934816
1478672640
1478410464
1478148288
1477886112
1477623936
1477361760
1477099584
1476837408
1476575232
1476313056
1476050880
1475788704
1475526528
1475264352
1475002176
1474740000
1474477824
1474215648
1473953472
1473691296
1473429120
1473166944
1472904768
1472642592
1472380416
1472118240
1471856064
1471593888
1471331712
1471069536
1470807360
1470545184
1470283008
1470020832
1469758656
1469496480
1469234304
1468972128
1468709952
1468447776
1468185600
1467923424
1467661248
1467399072
1467136896
1466874720
1466612544
1466350368
1466088192
1465826016
1465563840
1465301664
1465039488
1464777312
1464515136
1464252960
1463990784
1463728608
1463466432
1463204256
1462942080
1462679904
1462417728
1462155552
1461893376
1461631200
1461369024
1461106848
1460844672
1460582496
1460320320
1460058144
1459795968
1459533792
1459271616
1459009440
1458747264
1458485088
1458222912
1457960736
1457698560
1457436384
1457174208
1456912032
1456649856
1456387680
1456125504
1455863328
1455601152
1455338976
1455076800
1454814624
1454552448
1454290272
1454028096
1453765920
1453503744
1453241568
1452979392
1452717216
1452455040
1452192864
1451930688
1451668512
1451406336
1451144160
1450881984
1450619808
1450357632
1450095456
1449833280
1449571104
1449308928
1449046752
1448784576
1448522400
1448260224
1447998048
1447735872
1447473696
1447211520
1446949344
1446687168
1446424992
1446162816
1445900640
1445638464
1445376288
1445114112
1444851936
1444589760
1444327584
1444065408
1443803232
1443541056
1443278880
1443016704
1442754528
1442492352
1442230176
1441968000
1441705824
1441443648
1441181472
1440919296
1440657120
1440394944
1440132768
1439870592
1439608416
1439346240
1439084064
1438821888
1438559712
1438297536
1438035360
1437773184
1437511008
1437248832
1436986656
1436724480
1436462304
1436200128
1435937952
1435675776
1435413600
1435151424
1434889248
1434627072
1434364896
1434102720
1433840544
1433578368
1433316192
1433054016
1432791840
1432529664
1432267488
1432005312
1431743136
1431480960
1431218784
1430956608
1430694432
1430432256
1430170080
1429907904
1429645728
1429383552
1429121376
1428859200
1428597024
1428334848
1428072672
1427810496
1427548320
1427286144
1427023968
1426761792
1426499616
1426237440
1425975264
1425713088
1425450912
1425188736
1424926560
1424664384
1424402208
1424140032
1423877856
1423615680
1423353504
1423091328
1422829152
1422566976
1422304800
1422042624
1421780448
1421518272
1421256096
1420993920
1420731744
1420469568
1420207392
1419945216
1419683040
1419420864
1419158688
1418896512
1418634336
1418372160
1418109984
1417847808
1417585632
1417323456
1417061280
1416799104
1416536928
1416274752
1416012576
1415750400
1415488224
1415226048
1414963872
1414701696
1414439520
1414177344
1413915168
1413652992
1413390816
1413128640
1412866464
1412604288
1412342112
1412079936
1411817760
1411555584
1411293408
1411031232
1410769056
1410506880
1410244704
1409982528
1409720352
1409458176
1409196000
1408933824
1408671648
1408409472
1408147296
1407885120
1407622944
1407360768
1407098592
1406836416
1406574240
1406312064
1406049888
1405787712
1405525536
1405263360
1405001184
1404739008
1404476832
1404214656
1403952480
1403690304
1403428128
1403165952
1402903776
1402641600
1402379424
1402117248
1401855072
1401592896
1401330720
1401068544
1400806368
1400544192
1400282016
1400019840
1399757664
1399495488
1399233312
1398971136
1398708960
1398446784
1398184608
1397922432
1397660256
1397398080
1397135904
1396873728
1396611552
1396349376
1396087200
1395825024
1395562848
1395300672
1395038496
1394776320
1394514144
1394251968
1393989792
1393727616
1393465440
1393203264
1392941088
1392678912
1392416736
1392154560
1391892384
1391630208
1391368032
1391105856
1390843680
1390581504
1390319328
1390057152
1389794976
1389532800
1389270624
1389008448
1388746272
1388484096
1388221920
1387959744
1387697568
1387435392
1387173216
1386911040
1386648864
1386386688
1386124512
1385862336
1385600160
1385337984
1385075808
1384813632
1384551456
1384289280
1384027104
1383764928
1383502752
1383240576
1382978400
1382716224
1382454048
1382191872
1381929696
1381667520
1381405344
1381143168
1380880992
1380618816
1380356640
1380094464
1379832288
1379570112
1379307936
1379045760
1378783584
1378521408
1378259232
1377997056
1377734880
1377472704
1377210528
1376948352
1376686176
1376424000
1376161824
1375899648
1375637472
1375375296
1375113120
1374850944
1374588768
1374326592
1374064416
1373802240
1373540064
1373277888
1373015712
1372753536
1372491360
1372229184
1371967008
1371704832
1371442656
1371180480
1370918304
1370656128
1370393952
1370131776
1369869600
1369607424
1369345248
1369083072
1368820896
1368558720
1368296544
1368034368
1367772192
1367510016
1367247840
1366985664
1366723488
1366461312
1366199136
1365936960
1365674784
1365412608
1365150432
1364888256
1364626080
1364363904
1364101728
1363839552
1363577376
1363315200
1363053024
1362790848
1362528672
1362266496
1362004320
1361742144
1361479968
1361217792
1360955616
1360693440
1360431264
1360169088
1359906912
1359644736
1359382560
1359120384
1358858208
1358596032
1358333856
1358071680
1357809504
1357547328
1357285152
1357022976
1356760800
1356498624
1356236448
1355974272
1355712096
1355449920
1355187744
1354925568
1354663392
1354401216
1354139040
1353876864
1353614688
1353352512
1353090336
1352828160
1352565984
1352303808
1352041632
1351779456
1351517280
1351255104
1350992928
1350730752
1350468576
1350206400
1349944224
1349682048
1349419872
1349157696
1348895520
1348633344
1348371168
1348108992
1347846816
1347584640
1347322464
1347060288
1346798112
1346535936
1346273760
1346011584
1345749408
1345487232
1345225056
1344962880
1344700704
1344438528
1344176352
1343914176
1343652000
1343389824
1343127648
1342865472
1342603296
1342341120
1342078944
1341816768
1341554592
1341292416
1341030240
1340768064
1340505888
1340243712
1339981536
1339719360
1339457184
1339195008
1338932832
1338670656
1338408480
1338146304
1337884128
1337621952
1337359776
1337097600
1336835424
1336573248
1336311072
1336048896
1335786720
1335524544
1335262368
1335000192
1334738016
1334475840
1334213664
1333951488
1333689312
1333427136
1333164960
1332902784
1332640608
1332378432
1332116256
1331854080
1331591904
1331329728
1331067552
1330805376
1330543200
1330281024
1330018848
1329756672
1329494496
1329232320
1328970144
1328707968
1328445792
1328183616
1327921440
1327659264
1327397088
1327134912
1326872736
1326610560
1326348384
1326086208
1325824032
1325561856
1325299680
1325037504
1324775328
1324513152
1324250976
1323988800
1323726624
1323464448
1323202272
1322940096
1322677920
1322415744
1322153568
1321891392
1321629216
1321367040
1321104864
1320842688
1320580512
1320318336
1320056160
1319793984
1319531808
1319269632
1319007456
1318745280
1318483104
1318220928
1317958752
1317696576
1317434400
1317172224
1316910048
1316647872
1316385696
1316123520
1315861344
1315599168
1315336992
1315074816
1314812640
1314550464
1314288288
1314026112
1313763936
1313501760
1313239584
1312977408
1312715232
1312453056
1312190880
1311928704
1311666528
1311404352
1311142176
1310880000
1310617824
1310355648
1310093472
1309831296
1309569120
1309306944
1309044768
1308782592
1308520416
1308258240
1307996064
1307733888
1307471712
1307209536
1306947360
1306685184
1306423008
1306160832
1305898656
1305636480
1305374304
1305112128
1304849952
1304587776
1304325600
1304063424
1303801248
1303539072
1303276896
1303014720
1302752544
1302490368
1302228192
1301966016
1301703840
1301441664
1301179488
1300917312
1300655136
1300392960
1300130784
1299868608
1299606432
1299344256
1299082080
1298819904
1298557728
1298295552
1298033376
1297771200
1297509024
1297246848
1296984672
1296722496
1296460320
1296198144
1295935968
1295673792
1295411616
1295149440
1294887264
1294625088
1294362912
1294100736
1293838560
1293576384
1293314208
1293052032
1292789856
1292527680
1292265504
1292003328
1291741152
1291478976
1291216800
1290954624
1290692448
1290430272
1290168096
1289905920
1289643744
1289381568
1289119392
1288857216
1288595040
1288332864
1288070688
1287808512
1287546336
1287284160
1287021984
1286759808
1286497632
1286235456
1285973280
1285711104
1285448928
1285186752
1284924576
1284662400
1284400224
1284138048
1283875872
1283613696
1283351520
1283089344
1282827168
1282564992
1282302816
1282040640
1281778464
1281516288
1281254112
1280991936
1280729760
1280467584
1280205408
1279943232
1279681056
1279418880
1279156704
1278894528
1278632352
1278370176
1278108000
1277845824
1277583648
1277321472
1277059296
1276797120
1276534944
1276272768
1276010592
1275748416
1275486240
1275224064
1274961888
1274699712
1274437536
1274175360
1273913184
1273651008
1273388832
1273126656
1272864480
1272602304
1272340128
1272077952
1271815776
1271553600
1271291424
1271029248
1270767072
1270504896
1270242720
1269980544
1269718368
1269456192
1269194016
1268931840
1268669664
1268407488
1268145312
1267883136
1267620960
1267358784
1267096608
1266834432
1266572256
1266310080
1266047904
1265785728
1265523552
1265261376
1264999200
1264737024
1264474848
1264212672
1263950496
1263688320
1263426144
1263163968
1262901792
1262639616
1262377440
1262115264
1261853088
1261590912
1261328736
1261066560
1260804384
1260542208
1260280032
1260017856
1259755680
1259493504
1259231328
1258969152
1258706976
1258444800
1258182624
1257920448
1257658272
1257396096
1257133920
1256871744
1256609568
1256347392
1256085216
1255823040
1255560864
1255298688
1255036512
1254774336
1254512160
1254249984
1253987808
1253725632
1253463456
1253201280
1252939104
1252676928
1252414752
1252152576
1251890400
1251628224
1251366048
1251103872
1250841696
1250579520
1250317344
1250055168
1249792992
1249530816
1249268640
1249006464
1248744288
1248482112
1248219936
1247957760
1247695584
1247433408
1247171232
1246909056
1246646880
1246384704
1246122528
1245860352
1245598176
1245336000
1245073824
1244811648
1244549472
1244287296
1244025120
1243762944
1243500768
1243238592
1242976416
1242714240
1242452064
1242189888
1241927712
1241665536
1241403360
1241141184
1240879008
1240616832
1240354656
1240092480
1239830304
1239568128
1239305952
1239043776
1238781600
1238519424
1238257248
1237995072
1237732896
1237470720
1237208544
1236946368
1236684192
1236422016
1236159840
1235897664
1235635488
1235373312
1235111136
1234848960
1234586784
1234324608
1234062432
1233800256
1233538080
1233275904
1233013728
1232751552
1232489376
1232227200
1231965024
1231702848
1231440672
1231178496
1230916320
1230654144
1230391968
1230129792
1229867616
1229605440
1229343264
1229081088
1228818912
1228556736
1228294560
1228032384
1227770208
1227508032
1227245856
1226983680
1226721504
1226459328
1226197152
1225934976
1225672800
1225410624
1225148448
1224886272
1224624096
1224361920
1224099744
1223837568
1223575392
1223313216
1223051040
1222788864
1222526688
1222264512
1222002336
1221740160
1221477984
1221215808
1220953632
1220691456
1220429280
1220167104
1219904928
1219642752
1219380576
1219118400
1218856224
1218594048
1218331872
1218069696
1217807520
1217545344
1217283168
1217020992
1216758816
1216496640
1216234464
1215972288
1215710112
1215447936
1215185760
1214923584
1214661408
1214399232
1214137056
1213874880
1213612704
1213350528
1213088352
1212826176
1212564000
1212301824
1212039648
1211777472
1211515296
1211253120
1210990944
1210728768
1210466592
1210204416
1209942240
1209680064
1209417888
1209155712
1208893536
1208631360
1208369184
1208107008
1207844832
1207582656
1207320480
1207058304
1206796128
1206533952
1206271776
1206009600
1205747424
1205485248
1205223072
1204960896
1204698720
1204436544
1204174368
1203912192
1203650016
1203387840
1203125664
1202863488
1202601312
1202339136
1202076960
1201814784
1201552608
1201290432
1201028256
1200766080
1200503904
1200241728
1199979552
1199717376
1199455200
1199193024
1198930848
1198668672
1198406496
1198144320
1197882144
1197619968
1197357792
1197095616
1196833440
1196571264
1196309088
1196046912
1195784736
1195522560
1195260384
1194998208
1194736032
1194473856
1194211680
1193949504
1193687328
1193425152
1193162976
1192900800
1192638624
1192376448
1192114272
1191852096
1191589920
1191327744
1191065568
1190803392
1190541216
1190279040
1190016864
1189754688
1189492512
1189230336
1188968160
1188705984
1188443808
1188181632
1187919456
1187657280
1187395104
1187132928
1186870752
1186608576
1186346400
1186084224
1185822048
1185559872
1185297696
1185035520
1184773344
1184511168
1184248992
1183986816
1183724640
1183462464
1183200288
1182938112
1182675936
1182413760
1182151584
1181889408
1181627232
1181365056
1181102880
1180840704
1180578528
1180316352
1180054176
1179792000
1179529824
1179267648
1179005472
1178743296
1178481120
1178218944
1177956768
1177694592
1177432416
1177170240
1176908064
1176645888
1176383712
1176121536
1175859360
1175597184
1175335008
1175072832
1174810656
1174548480
1174286304
1174024128
1173761952
1173499776
1173237600
1172975424
1172713248
1172451072
1172188896
1171926720
1171664544
1171402368
1171140192
1170878016
1170615840
1170353664
1170091488
1169829312
1169567136
1169304960
1169042784
1168780608
1168518432
1168256256
1167994080
1167731904
1167469728
1167207552
1166945376
1166683200
1166421024
1166158848
1165896672
1165634496
1165372320
1165110144
1164847968
1164585792
1164323616
1164061440
1163799264
1163537088
1163274912
1163012736
1162750560
1162488384
1162226208
1161964032
1161701856
1161439680
1161177504
1160915328
1160653152
1160390976
1160128800
1159866624
1159604448
1159342272
1159080096
1158817920
1158555744
1158293568
1158031392
1157769216
1157507040
1157244864
1156982688
1156720512
1156458336
1156196160
1155933984
1155671808
1155409632
1155147456
1154885280
1154623104
1154360928
1154098752
1153836576
1153574400
1153312224
1153050048
1152787872
1152525696
1152263520
1152001344
1151739168
1151476992
1151214816
1150952640
1150690464
1150428288
1150166112
1149903936
1149641760
1149379584
1149117408
1148855232
1148593056
1148330880
1148068704
1147806528
1147544352
1147282176
1147020000
1146757824
1146495648
1146233472
1145971296
1145709120
1145446944
1145184768
1144922592
1144660416
1144398240
1144136064
1143873888
1143611712
1143349536
1143087360
1142825184
1142563008
1142300832
1142038656
1141776480
1141514304
1141252128
1140989952
1140727776
1140465600
1140203424
1139941248
1139679072
1139416896
1139154720
1138892544
1138630368
1138368192
1138106016
1137843840
1137581664
1137319488
1137057312
1136795136
1136532960
1136270784
1136008608
1135746432
1135484256
1135222080
1134959904
1134697728
1134435552
1134173376
1133911200
1133649024
1133386848
1133124672
1132862496
1132600320
1132338144
1132075968
1131813792
1131551616
1131289440
1131027264
1130765088
1130502912
1130240736
1129978560
1129716384
1129454208
1129192032
1128929856
1128667680
1128405504
1128143328
1127881152
1127618976
1127356800
1127094624
1126832448
1126570272
1126308096
1126045920
1125783744
1125521568
1125259392
1124997216
1124735040
1124472864
1124210688
1123948512
1123686336
1123424160
1123161984
1122899808
1122637632
1122375456
1122113280
1121851104
1121588928
1121326752
1121064576
1120802400
1120540224
1120278048
1120015872
1119753696
1119491520
1119229344
1118967168
1118704992
1118442816
1118180640
1117918464
1117656288
1117394112
1117131936
1116869760
1116607584
1116345408
1116083232
1115821056
1115558880
1115296704
1115034528
1114772352
1114510176
1114248000
1113985824
1113723648
1113461472
1113199296
1112937120
1112674944
1112412768
1112150592
1111888416
1111626240
1111364064
1111101888
1110839712
1110577536
1110315360
1110053184
1109791008
1109528832
1109266656
1109004480
1108742304
1108480128
1108217952
1107955776
1107693600
1107431424
1107169248
1106907072
1106644896
1106382720
1106120544
1105858368
1105596192
1105334016
1105071840
1104809664
1104547488
1104285312
1104023136
1103760960
1103498784
1103236608
1102974432
1102712256
1102450080
1102187904
1101925728
1101663552
1101401376
1101139200
1100877024
1100614848
1100352672
1100090496
1099828320
1099566144
1099303968
1099041792
1098779616
1098517440
1098255264
1097993088
1097730912
1097468736
1097206560
1096944384
1096682208
1096420032
1096157856
1095895680
1095633504
1095371328
1095109152
1094846976
1094584800
1094322624
1094060448
1093798272
1093536096
1093273920
1093011744
1092749568
1092487392
1092225216
1091963040
1091700864
1091438688
1091176512
1090914336
1090652160
1090389984
1090127808
1089865632
1089603456
1089341280
1089079104
1088816928
1088554752
1088292576
1088030400
1087768224
1087506048
1087243872
1086981696
1086719520
1086457344
1086195168
1085932992
1085670816
1085408640
1085146464
1084884288
1084622112
1084359936
1084097760
1083835584
1083573408
1083311232
1083049056
1082786880
1082524704
1082262528
1082000352
1081738176
1081476000
1081213824
1080951648
1080689472
1080427296
1080165120
1079902944
1079640768
1079378592
1079116416
1078854240
1078592064
1078329888
1078067712
1077805536
1077543360
1077281184
1077019008
1076756832
1076494656
1076232480
1075970304
1075708128
1075445952
1075183776
1074921600
1074659424
1074397248
1074135072
1073872896
1073610720
1073348544
1073086368
1072824192
1072562016
1072299840
1072037664
1071775488
1071513312
1071251136
1070988960
1070726784
1070464608
1070202432
1069940256
1069678080
1069415904
1069153728
1068891552
1068629376
1068367200
1068105024
1067842848
1067580672
1067318496
1067056320
1066794144
1066531968
1066269792
1066007616
1065745440
1065483264
1065221088
1064958912
1064696736
1064434560
1064172384
1063910208
1063648032
1063385856
1063123680
1062861504
1062599328
1062337152
1062074976
1061812800
1061550624
1061288448
1061026272
1060764096
1060501920
1060239744
1059977568
1059715392
1059453216
1059191040
1058928864
1058666688
1058404512
1058142336
1057880160
1057617984
1057355808
1057093632
1056831456
1056569280
1056307104
1056044928
1055782752
1055520576
1055258400
1054996224
1054734048
1054471872
1054209696
1053947520
1053685344
1053423168
1053160992
1052898816
1052636640
1052374464
1052112288
1051850112
1051587936
1051325760
1051063584
1050801408
1050539232
1050277056
1050014880
1049752704
1049490528
1049228352
1048966176
1048704000
1048441824
1048179648
1047917472
1047655296
1047393120
1047130944
1046868768
1046606592
1046344416
1046082240
1045820064
1045557888
1045295712
1045033536
1044771360
1044509184
1044247008
1043984832
1043722656
1043460480
1043198304
1042936128
1042673952
1042411776
1042149600
1041887424
1041625248
1041363072
1041100896
1040838720
1040576544
1040314368
1040052192
1039790016
1039527840
1039265664
1039003488
1038741312
1038479136
1038216960
1037954784
1037692608
1037430432
1037168256
1036906080
1036643904
1036381728
1036119552
1035857376
1035595200
1035333024
1035070848
1034808672
1034546496
1034284320
1034022144
1033759968
1033497792
1033235616
1032973440
1032711264
1032449088
1032186912
1031924736
1031662560
1031400384
1031138208
1030876032
1030613856
1030351680
1030089504
1029827328
1029565152
1029302976
1029040800
1028778624
1028516448
1028254272
1027992096
1027729920
1027467744
1027205568
1026943392
1026681216
1026419040
1026156864
1025894688
1025632512
1025370336
1025108160
1024845984
1024583808
1024321632
1024059456
1023797280
1023535104
1023272928
1023010752
1022748576
1022486400
1022224224
1021962048
1021699872
1021437696
1021175520
1020913344
1020651168
1020388992
1020126816
1019864640
1019602464
1019340288
1019078112
1018815936
1018553760
1018291584
1018029408
1017767232
1017505056
1017242880
1016980704
1016718528
1016456352
1016194176
1015932000
1015669824
1015407648
1015145472
1014883296
1014621120
1014358944
1014096768
1013834592
1013572416
1013310240
1013048064
1012785888
1012523712
1012261536
1011999360
1011737184
1011475008
1011212832
1010950656
1010688480
1010426304
1010164128
1009901952
1009639776
1009377600
1009115424
1008853248
1008591072
1008328896
1008066720
1007804544
1007542368
1007280192
1007018016
1006755840
1006493664
1006231488
1005969312
1005707136
1005444960
1005182784
1004920608
1004658432
1004396256
1004134080
1003871904
1003609728
1003347552
1003085376
1002823200
1002561024
1002298848
1002036672
1001774496
1001512320
1001250144
1000987968
1000725792
1000463616
1000201440
999939264
999677088
999414912
999152736
998890560
998628384
998366208
998104032
997841856
997579680
997317504
997055328
996793152
996530976
996268800
996006624
995744448
995482272
995220096
994957920
994695744
994433568
994171392
993909216
993647040
993384864
993122688
992860512
992598336
992336160
992073984
991811808
991549632
991287456
991025280
990763104
990500928
990238752
989976576
989714400
989452224
989190048
988927872
988665696
988403520
988141344
987879168
987616992
987354816
987092640
986830464
986568288
986306112
986043936
985781760
985519584
985257408
984995232
984733056
984470880
984208704
983946528
983684352
983422176
983160000
982897824
982635648
982373472
982111296
981849120
981586944
981324768
981062592
980800416
980538240
980276064
980013888
979751712
979489536
979227360
978965184
978703008
978440832
978178656
977916480
977654304
977392128
977129952
976867776
976605600
976343424
976081248
975819072
975556896
975294720
975032544
974770368
974508192
974246016
973983840
973721664
973459488
973197312
972935136
972672960
972410784
972148608
971886432
971624256
971362080
971099904
970837728
970575552
970313376
970051200
969789024
969526848
969264672
969002496
968740320
968478144
968215968
967953792
967691616
967429440
967167264
966905088
966642912
966380736
966118560
965856384
965594208
965332032
965069856
964807680
964545504
964283328
964021152
963758976
963496800
963234624
962972448
962710272
962448096
962185920
961923744
961661568
961399392
961137216
960875040
960612864
960350688
960088512
959826336
959564160
959301984
959039808
958777632
958515456
958253280
957991104
957728928
957466752
957204576
956942400
956680224
956418048
956155872
955893696
955631520
955369344
955107168
954844992
954582816
954320640
954058464
953796288
953534112
953271936
953009760
952747584
952485408
952223232
951961056
951698880
951436704
951174528
950912352
950650176
950388000
950125824
949863648
949601472
949339296
949077120
948814944
948552768
948290592
948028416
947766240
947504064
947241888
946979712
946717536
946455360
946193184
945931008
945668832
945406656
945144480
944882304
944620128
944357952
944095776
943833600
943571424
943309248
943047072
942784896
942522720
942260544
941998368
941736192
941474016
941211840
940949664
940687488
940425312
940163136
939900960
939638784
939376608
939114432
938852256
938590080
938327904
938065728
937803552
937541376
937279200
937017024
936754848
936492672
936230496
935968320
935706144
935443968
935181792
934919616
934657440
934395264
934133088
933870912
933608736
933346560
933084384
932822208
932560032
932297856
932035680
931773504
931511328
931249152
930986976
930724800
930462624
930200448
929938272
929676096
929413920
929151744
928889568
928627392
928365216
928103040
927840864
927578688
927316512
927054336
926792160
926529984
926267808
926005632
925743456
925481280
925219104
924956928
924694752
924432576
924170400
923908224
923646048
923383872
923121696
922859520
922597344
922335168
922072992
921810816
921548640
921286464
921024288
920762112
920499936
920237760
919975584
919713408
919451232
919189056
918926880
918664704
918402528
918140352
917878176
917616000
917353824
917091648
916829472
916567296
916305120
916042944
915780768
915518592
915256416
914994240
914732064
914469888
914207712
913945536
913683360
913421184
913159008
912896832
912634656
912372480
912110304
911848128
911585952
911323776
911061600
910799424
910537248
910275072
910012896
909750720
909488544
909226368
908964192
908702016
908439840
908177664
907915488
907653312
907391136
907128960
906866784
906604608
906342432
906080256
905818080
905555904
905293728
905031552
904769376
904507200
904245024
903982848
903720672
903458496
903196320
902934144
902671968
902409792
902147616
901885440
901623264
901361088
901098912
900836736
900574560
900312384
900050208
899788032
899525856
899263680
899001504
898739328
898477152
898214976
897952800
897690624
897428448
897166272
896904096
896641920
896379744
896117568
895855392
895593216
895331040
895068864
894806688
894544512
894282336
894020160
893757984
893495808
893233632
892971456
892709280
892447104
892184928
891922752
891660576
891398400
891136224
890874048
890611872
890349696
890087520
889825344
889563168
889300992
889038816
888776640
888514464
888252288
887990112
887727936
887465760
887203584
886941408
886679232
886417056
886154880
885892704
885630528
885368352
885106176
884844000
884581824
884319648
884057472
883795296
883533120
883270944
883008768
882746592
882484416
882222240
881960064
881697888
881435712
881173536
880911360
880649184
880387008
880124832
879862656
879600480
879338304
879076128
878813952
878551776
878289600
878027424
877765248
877503072
877240896
876978720
876716544
876454368
876192192
875930016
875667840
875405664
875143488
874881312
874619136
874356960
874094784
873832608
873570432
873308256
873046080
872783904
872521728
872259552
871997376
871735200
871473024
871210848
870948672
870686496
870424320
870162144
869899968
869637792
869375616
869113440
868851264
868589088
868326912
868064736
867802560
867540384
867278208
867016032
866753856
866491680
866229504
865967328
865705152
865442976
865180800
864918624
864656448
864394272
864132096
863869920
863607744
863345568
863083392
862821216
862559040
862296864
862034688
861772512
861510336
861248160
860985984
860723808
860461632
860199456
859937280
859675104
859412928
859150752
858888576
858626400
858364224
858102048
857839872
857577696
857315520
857053344
856791168
856528992
856266816
856004640
855742464
855480288
855218112
854955936
854693760
854431584
854169408
853907232
853645056
853382880
853120704
852858528
852596352
852334176
852072000
851809824
851547648
851285472
851023296
850761120
850498944
850236768
849974592
849712416
849450240
849188064
848925888
848663712
848401536
848139360
847877184
847615008
847352832
847090656
846828480
846566304
846304128
846041952
845779776
845517600
845255424
844993248
844731072
844468896
844206720
843944544
843682368
843420192
843158016
842895840
842633664
842371488
842109312
841847136
841584960
841322784
841060608
840798432
840536256
840274080
840011904
839749728
839487552
839225376
838963200
838701024
838438848
838176672
837914496
837652320
837390144
837127968
836865792
836603616
836341440
836079264
835817088
835554912
835292736
835030560
834768384
834506208
834244032
833981856
833719680
833457504
833195328
832933152
832670976
832408800
832146624
831884448
831622272
831360096
831097920
830835744
830573568
830311392
830049216
829787040
829524864
829262688
829000512
828738336
828476160
828213984
827951808
827689632
827427456
827165280
826903104
826640928
826378752
826116576
825854400
825592224
825330048
825067872
824805696
824543520
824281344
824019168
823756992
823494816
823232640
822970464
822708288
822446112
822183936
821921760
821659584
821397408
821135232
820873056
820610880
820348704
820086528
819824352
819562176
819300000
819037824
818775648
818513472
818251296
817989120
817726944
817464768
817202592
816940416
816678240
816416064
816153888
815891712
815629536
815367360
815105184
814843008
814580832
814318656
814056480
813794304
813532128
813269952
813007776
812745600
812483424
812221248
811959072
811696896
811434720
811172544
810910368
810648192
810386016
810123840
809861664
809599488
809337312
809075136
808812960
808550784
808288608
808026432
807764256
807502080
807239904
806977728
806715552
806453376
806191200
805929024
805666848
805404672
805142496
804880320
804618144
804355968
804093792
803831616
803569440
803307264
803045088
802782912
802520736
802258560
801996384
801734208
801472032
801209856
800947680
800685504
800423328
800161152
799898976
799636800
799374624
799112448
798850272
798588096
798325920
798063744
797801568
797539392
797277216
797015040
796752864
796490688
796228512
795966336
795704160
795441984
795179808
794917632
794655456
794393280
794131104
793868928
793606752
793344576
793082400
792820224
792558048
792295872
792033696
791771520
791509344
791247168
790984992
790722816
790460640
790198464
789936288
789674112
789411936
789149760
788887584
788625408
788363232
788101056
787838880
787576704
787314528
787052352
786790176
786528000
786265824
786003648
785741472
785479296
785217120
784954944
784692768
784430592
784168416
783906240
783644064
783381888
783119712
782857536
782595360
782333184
782071008
781808832
781546656
781284480
781022304
780760128
780497952
780235776
779973600
779711424
779449248
779187072
778924896
778662720
778400544
778138368
777876192
777614016
777351840
777089664
776827488
776565312
776303136
776040960
775778784
775516608
775254432
774992256
774730080
774467904
774205728
773943552
773681376
773419200
773157024
772894848
772632672
772370496
772108320
771846144
771583968
771321792
771059616
770797440
770535264
770273088
770010912
769748736
769486560
769224384
768962208
768700032
768437856
768175680
767913504
767651328
767389152
767126976
766864800
766602624
766340448
766078272
765816096
765553920
765291744
765029568
764767392
764505216
764243040
763980864
763718688
763456512
763194336
762932160
762669984
762407808
762145632
761883456
761621280
761359104
761096928
760834752
760572576
760310400
760048224
759786048
759523872
759261696
758999520
758737344
758475168
758212992
757950816
757688640
757426464
757164288
756902112
756639936
756377760
756115584
755853408
755591232
755329056
755066880
754804704
754542528
754280352
754018176
753756000
753493824
753231648
752969472
752707296
752445120
752182944
751920768
751658592
751396416
751134240
750872064
750609888
750347712
750085536
749823360
749561184
749299008
749036832
748774656
748512480
748250304
747988128
747725952
747463776
747201600
746939424
746677248
746415072
746152896
745890720
745628544
745366368
745104192
744842016
744579840
744317664
744055488
743793312
743531136
743268960
743006784
742744608
742482432
742220256
741958080
741695904
741433728
741171552
740909376
740647200
740385024
740122848
739860672
739598496
739336320
739074144
738811968
738549792
738287616
738025440
737763264
737501088
737238912
736976736
736714560
736452384
736190208
735928032
735665856
735403680
735141504
734879328
734617152
734354976
734092800
733830624
733568448
733306272
733044096
732781920
732519744
732257568
731995392
731733216
731471040
731208864
730946688
730684512
730422336
730160160
729897984
729635808
729373632
729111456
728849280
728587104
728324928
728062752
727800576
727538400
727276224
727014048
726751872
726489696
726227520
725965344
725703168
725440992
725178816
724916640
724654464
724392288
724130112
723867936
723605760
723343584
723081408
722819232
722557056
722294880
722032704
721770528
721508352
721246176
720984000
720721824
720459648
720197472
719935296
719673120
719410944
719148768
718886592
718624416
718362240
718100064
717837888
717575712
717313536
717051360
716789184
716527008
716264832
716002656
715740480
715478304
715216128
714953952
714691776
714429600
714167424
713905248
713643072
713380896
713118720
712856544
712594368
712332192
712070016
711807840
711545664
711283488
711021312
710759136
710496960
710234784
709972608
709710432
709448256
709186080
708923904
708661728
708399552
708137376
707875200
707613024
707350848
707088672
706826496
706564320
706302144
706039968
705777792
705515616
705253440
704991264
704729088
704466912
704204736
703942560
703680384
703418208
703156032
702893856
702631680
702369504
702107328
701845152
701582976
701320800
701058624
700796448
700534272
700272096
700009920
699747744
699485568
699223392
698961216
698699040
698436864
698174688
697912512
697650336
697388160
697125984
696863808
696601632
696339456
696077280
695815104
695552928
695290752
695028576
694766400
694504224
694242048
693979872
693717696
693455520
693193344
692931168
692668992
692406816
692144640
691882464
691620288
691358112
691095936
690833760
690571584
690309408
690047232
689785056
689522880
689260704
688998528
688736352
688474176
688212000
687949824
687687648
687425472
687163296
686901120
686638944
686376768
686114592
685852416
685590240
685328064
685065888
684803712
684541536
684279360
684017184
683755008
683492832
683230656
682968480
682706304
682444128
682181952
681919776
681657600
681395424
681133248
680871072
680608896
680346720
680084544
679822368
679560192
679298016
679035840
678773664
678511488
678249312
677987136
677724960
677462784
677200608
676938432
676676256
676414080
676151904
675889728
675627552
675365376
675103200
674841024
674578848
674316672
674054496
673792320
673530144
673267968
673005792
672743616
672481440
672219264
671957088
671694912
671432736
671170560
670908384
670646208
670384032
670121856
669859680
669597504
669335328
669073152
668810976
668548800
668286624
668024448
667762272
667500096
667237920
666975744
666713568
666451392
666189216
665927040
665664864
665402688
665140512
664878336
664616160
664353984
664091808
663829632
663567456
663305280
663043104
662780928
662518752
662256576
661994400
661732224
661470048
661207872
660945696
660683520
660421344
660159168
659896992
659634816
659372640
659110464
658848288
658586112
658323936
658061760
657799584
657537408
657275232
657013056
656750880
656488704
656226528
655964352
655702176
655440000
655177824
654915648
654653472
654391296
654129120
653866944
653604768
653342592
653080416
652818240
652556064
652293888
652031712
651769536
651507360
651245184
650983008
650720832
650458656
650196480
649934304
649672128
649409952
649147776
648885600
648623424
648361248
648099072
647836896
647574720
647312544
647050368
646788192
646526016
646263840
646001664
645739488
645477312
645215136
644952960
644690784
644428608
644166432
643904256
643642080
643379904
643117728
642855552
642593376
642331200
642069024
641806848
641544672
641282496
641020320
640758144
640495968
640233792
639971616
639709440
639447264
639185088
638922912
638660736
638398560
638136384
637874208
637612032
637349856
637087680
636825504
636563328
636301152
636038976
635776800
635514624
635252448
634990272
634728096
634465920
634203744
633941568
633679392
633417216
633155040
632892864
632630688
632368512
632106336
631844160
631581984
631319808
631057632
630795456
630533280
630271104
630008928
629746752
629484576
629222400
628960224
628698048
628435872
628173696
627911520
627649344
627387168
627124992
626862816
626600640
626338464
626076288
625814112
625551936
625289760
625027584
624765408
624503232
624241056
623978880
623716704
623454528
623192352
622930176
622668000
622405824
622143648
621881472
621619296
621357120
621094944
620832768
620570592
620308416
620046240
619784064
619521888
619259712
618997536
618735360
618473184
618211008
617948832
617686656
617424480
617162304
616900128
616637952
616375776
616113600
615851424
615589248
615327072
615064896
614802720
614540544
614278368
614016192
613754016
613491840
613229664
612967488
612705312
612443136
612180960
611918784
611656608
611394432
611132256
610870080
610607904
610345728
610083552
609821376
609559200
609297024
609034848
608772672
608510496
608248320
607986144
607723968
607461792
607199616
606937440
606675264
606413088
606150912
605888736
605626560
605364384
605102208
604840032
604577856
604315680
604053504
603791328
603529152
603266976
603004800
602742624
602480448
602218272
601956096
601693920
601431744
601169568
600907392
600645216
600383040
600120864
599858688
599596512
599334336
599072160
598809984
598547808
598285632
598023456
597761280
597499104
597236928
596974752
596712576
596450400
596188224
595926048
595663872
595401696
595139520
594877344
594615168
594352992
594090816
593828640
593566464
593304288
593042112
592779936
592517760
592255584
591993408
591731232
591469056
591206880
590944704
590682528
590420352
590158176
589896000
589633824
589371648
589109472
588847296
588585120
588322944
588060768
587798592
587536416
587274240
587012064
586749888
586487712
586225536
585963360
585701184
585439008
585176832
584914656
584652480
584390304
584128128
583865952
583603776
583341600
583079424
582817248
582555072
582292896
582030720
581768544
581506368
581244192
580982016
580719840
580457664
580195488
579933312
579671136
579408960
579146784
578884608
578622432
578360256
578098080
577835904
577573728
577311552
577049376
576787200
576525024
576262848
576000672
575738496
575476320
575214144
574951968
574689792
574427616
574165440
573903264
573641088
573378912
573116736
572854560
572592384
572330208
572068032
571805856
571543680
571281504
571019328
570757152
570494976
570232800
569970624
569708448
569446272
569184096
568921920
568659744
568397568
568135392
567873216
567611040
567348864
567086688
566824512
566562336
566300160
566037984
565775808
565513632
565251456
564989280
564727104
564464928
564202752
563940576
563678400
563416224
563154048
562891872
562629696
562367520
562105344
561843168
561580992
561318816
561056640
560794464
560532288
560270112
560007936
559745760
559483584
559221408
558959232
558697056
558434880
558172704
557910528
557648352
557386176
557124000
556861824
556599648
556337472
556075296
555813120
555550944
555288768
555026592
554764416
554502240
554240064
553977888
553715712
553453536
553191360
552929184
552667008
552404832
552142656
551880480
551618304
551356128
551093952
550831776
550569600
550307424
550045248
549783072
549520896
549258720
548996544
548734368
548472192
548210016
547947840
547685664
547423488
547161312
546899136
546636960
546374784
546112608
545850432
545588256
545326080
545063904
544801728
544539552
544277376
544015200
543753024
543490848
543228672
542966496
542704320
542442144
542179968
541917792
541655616
541393440
541131264
540869088
540606912
540344736
540082560
539820384
539558208
539296032
539033856
538771680
538509504
538247328
537985152
537722976
537460800
537198624
536936448
536674272
536412096
536149920
535887744
535625568
535363392
535101216
534839040
534576864
534314688
534052512
533790336
533528160
533265984
533003808
532741632
532479456
532217280
531955104
531692928
531430752
531168576
530906400
530644224
530382048
530119872
529857696
529595520
529333344
529071168
528808992
528546816
528284640
528022464
527760288
527498112
527235936
526973760
526711584
526449408
526187232
525925056
525662880
525400704
525138528
524876352
524614176
524352000
524089824
523827648
523565472
523303296
523041120
522778944
522516768
522254592
521992416
521730240
521468064
521205888
520943712
520681536
520419360
520157184
519895008
519632832
519370656
519108480
518846304
518584128
518321952
518059776
517797600
517535424
517273248
517011072
516748896
516486720
516224544
515962368
515700192
515438016
515175840
514913664
514651488
514389312
514127136
513864960
513602784
513340608
513078432
512816256
512554080
512291904
512029728
511767552
511505376
511243200
510981024
510718848
510456672
510194496
509932320
509670144
509407968
509145792
508883616
508621440
508359264
508097088
507834912
507572736
507310560
507048384
506786208
506524032
506261856
505999680
505737504
505475328
505213152
504950976
504688800
504426624
504164448
503902272
503640096
503377920
503115744
502853568
502591392
502329216
502067040
501804864
501542688
501280512
501018336
500756160
500493984
500231808
499969632
499707456
499445280
499183104
498920928
498658752
498396576
498134400
497872224
497610048
497347872
497085696
496823520
496561344
496299168
496036992
495774816
495512640
495250464
494988288
494726112
494463936
494201760
493939584
493677408
493415232
493153056
492890880
492628704
492366528
492104352
491842176
491580000
491317824
491055648
490793472
490531296
490269120
490006944
489744768
489482592
489220416
488958240
488696064
488433888
488171712
487909536
487647360
487385184
487123008
486860832
486598656
486336480
486074304
485812128
485549952
485287776
485025600
484763424
484501248
484239072
483976896
483714720
483452544
483190368
482928192
482666016
482403840
482141664
481879488
481617312
481355136
481092960
480830784
480568608
480306432
480044256
479782080
479519904
479257728
478995552
478733376
478471200
478209024
477946848
477684672
477422496
477160320
476898144
476635968
476373792
476111616
475849440
475587264
475325088
475062912
474800736
474538560
474276384
474014208
473752032
473489856
473227680
472965504
472703328
472441152
472178976
471916800
471654624
471392448
471130272
470868096
470605920
470343744
470081568
469819392
469557216
469295040
469032864
468770688
468508512
468246336
467984160
467721984
467459808
467197632
466935456
466673280
466411104
466148928
465886752
465624576
465362400
465100224
464838048
464575872
464313696
464051520
463789344
463527168
463264992
463002816
462740640
462478464
462216288
461954112
461691936
461429760
461167584
460905408
460643232
460381056
460118880
459856704
459594528
459332352
459070176
458808000
458545824
458283648
458021472
457759296
457497120
457234944
456972768
456710592
456448416
456186240
455924064
455661888
455399712
455137536
454875360
454613184
454351008
454088832
453826656
453564480
453302304
453040128
452777952
452515776
452253600
451991424
451729248
451467072
451204896
450942720
450680544
450418368
450156192
449894016
449631840
449369664
449107488
448845312
448583136
448320960
448058784
447796608
447534432
447272256
447010080
446747904
446485728
446223552
445961376
445699200
445437024
445174848
444912672
444650496
444388320
444126144
443863968
443601792
443339616
443077440
442815264
442553088
442290912
442028736
441766560
441504384
441242208
440980032
440717856
440455680
440193504
439931328
439669152
439406976
439144800
438882624
438620448
438358272
438096096
437833920
437571744
437309568
437047392
436785216
436523040
436260864
435998688
435736512
435474336
435212160
434949984
434687808
434425632
434163456
433901280
433639104
433376928
433114752
432852576
432590400
432328224
432066048
431803872
431541696
431279520
431017344
430755168
430492992
430230816
429968640
429706464
429444288
429182112
428919936
428657760
428395584
428133408
427871232
427609056
427346880
427084704
426822528
426560352
426298176
426036000
425773824
425511648
425249472
424987296
424725120
424462944
424200768
423938592
423676416
423414240
423152064
422889888
422627712
422365536
422103360
421841184
421579008
421316832
421054656
420792480
420530304
420268128
420005952
419743776
419481600
419219424
418957248
418695072
418432896
418170720
417908544
417646368
417384192
417122016
416859840
416597664
416335488
416073312
415811136
415548960
415286784
415024608
414762432
414500256
414238080
413975904
413713728
413451552
413189376
412927200
412665024
412402848
412140672
411878496
411616320
411354144
411091968
410829792
410567616
410305440
410043264
409781088
409518912
409256736
408994560
408732384
408470208
408208032
407945856
407683680
407421504
407159328
406897152
406634976
406372800
406110624
405848448
405586272
405324096
405061920
404799744
404537568
404275392
404013216
403751040
403488864
403226688
402964512
402702336
402440160
402177984
401915808
401653632
401391456
401129280
400867104
400604928
400342752
400080576
399818400
399556224
399294048
399031872
398769696
398507520
398245344
397983168
397720992
397458816
397196640
396934464
396672288
396410112
396147936
395885760
395623584
395361408
395099232
394837056
394574880
394312704
394050528
393788352
393526176
393264000
393001824
392739648
392477472
392215296
391953120
391690944
391428768
391166592
390904416
390642240
390380064
390117888
389855712
389593536
389331360
389069184
388807008
388544832
388282656
388020480
387758304
387496128
387233952
386971776
386709600
386447424
386185248
385923072
385660896
385398720
385136544
384874368
384612192
384350016
384087840
383825664
383563488
383301312
383039136
382776960
382514784
382252608
381990432
381728256
381466080
381203904
380941728
380679552
380417376
380155200
379893024
379630848
379368672
379106496
378844320
378582144
378319968
378057792
377795616
377533440
377271264
377009088
376746912
376484736
376222560
375960384
375698208
375436032
375173856
374911680
374649504
374387328
374125152
373862976
373600800
373338624
373076448
372814272
372552096
372289920
372027744
371765568
371503392
371241216
370979040
370716864
370454688
370192512
369930336
369668160
369405984
369143808
368881632
368619456
368357280
368095104
367832928
367570752
367308576
367046400
366784224
366522048
366259872
365997696
365735520
365473344
365211168
364948992
364686816
364424640
364162464
363900288
363638112
363375936
363113760
362851584
362589408
362327232
362065056
361802880
361540704
361278528
361016352
360754176
360492000
360229824
359967648
359705472
359443296
359181120
358918944
358656768
358394592
358132416
357870240
357608064
357345888
357083712
356821536
356559360
356297184
356035008
355772832
355510656
355248480
354986304
354724128
354461952
354199776
353937600
353675424
353413248
353151072
352888896
352626720
352364544
352102368
351840192
351578016
351315840
351053664
350791488
350529312
350267136
350004960
349742784
349480608
349218432
348956256
348694080
348431904
348169728
347907552
347645376
347383200
347121024
346858848
346596672
346334496
346072320
345810144
345547968
345285792
345023616
344761440
344499264
344237088
343974912
343712736
343450560
343188384
342926208
342664032
342401856
342139680
341877504
341615328
341353152
341090976
340828800
340566624
340304448
340042272
339780096
339517920
339255744
338993568
338731392
338469216
338207040
337944864
337682688
337420512
337158336
336896160
336633984
336371808
336109632
335847456
335585280
335323104
335060928
334798752
334536576
334274400
334012224
333750048
333487872
333225696
332963520
332701344
332439168
332176992
331914816
331652640
331390464
331128288
330866112
330603936
330341760
330079584
329817408
329555232
329293056
329030880
328768704
328506528
328244352
327982176
327720000
327457824
327195648
326933472
326671296
326409120
326146944
325884768
325622592
325360416
325098240
324836064
324573888
324311712
324049536
323787360
323525184
323263008
323000832
322738656
322476480
322214304
321952128
321689952
321427776
321165600
320903424
320641248
320379072
320116896
319854720
319592544
319330368
319068192
318806016
318543840
318281664
318019488
317757312
317495136
317232960
316970784
316708608
316446432
316184256
315922080
315659904
315397728
315135552
314873376
314611200
314349024
314086848
313824672
313562496
313300320
313038144
312775968
312513792
312251616
311989440
311727264
311465088
311202912
310940736
310678560
310416384
310154208
309892032
309629856
309367680
309105504
308843328
308581152
308318976
308056800
307794624
307532448
307270272
307008096
306745920
306483744
306221568
305959392
305697216
305435040
305172864
304910688
304648512
304386336
304124160
303861984
303599808
303337632
303075456
302813280
302551104
302288928
302026752
301764576
301502400
301240224
300978048
300715872
300453696
300191520
299929344
299667168
299404992
299142816
298880640
298618464
298356288
298094112
297831936
297569760
297307584
297045408
296783232
296521056
296258880
295996704
295734528
295472352
295210176
294948000
294685824
294423648
294161472
293899296
293637120
293374944
293112768
292850592
292588416
292326240
292064064
291801888
291539712
291277536
291015360
290753184
290491008
290228832
289966656
289704480
289442304
289180128
288917952
288655776
288393600
288131424
287869248
287607072
287344896
287082720
286820544
286558368
286296192
286034016
285771840
285509664
285247488
284985312
284723136
284460960
284198784
283936608
283674432
283412256
283150080
282887904
282625728
282363552
282101376
281839200
281577024
281314848
281052672
280790496
280528320
280266144
280003968
279741792
279479616
279217440
278955264
278693088
278430912
278168736
277906560
277644384
277382208
277120032
276857856
276595680
276333504
276071328
275809152
275546976
275284800
275022624
274760448
274498272
274236096
273973920
273711744
273449568
273187392
272925216
272663040
272400864
272138688
271876512
271614336
271352160
271089984
270827808
270565632
270303456
270041280
269779104
269516928
269254752
268992576
268730400
268468224
268206048
267943872
267681696
267419520
267157344
266895168
266632992
266370816
266108640
265846464
265584288
265322112
265059936
264797760
264535584
264273408
264011232
263749056
263486880
263224704
262962528
262700352
262438176
262176000
261913824
261651648
261389472
261127296
260865120
260602944
260340768
260078592
259816416
259554240
259292064
259029888
258767712
258505536
258243360
257981184
257719008
257456832
257194656
256932480
256670304
256408128
256145952
255883776
255621600
255359424
255097248
254835072
254572896
254310720
254048544
253786368
253524192
253262016
252999840
252737664
252475488
252213312
251951136
251688960
251426784
251164608
250902432
250640256
250378080
250115904
249853728
249591552
249329376
249067200
248805024
248542848
248280672
248018496
247756320
247494144
247231968
246969792
246707616
246445440
246183264
245921088
245658912
245396736
245134560
244872384
244610208
244348032
244085856
243823680
243561504
243299328
243037152
242774976
242512800
242250624
241988448
241726272
241464096
241201920
240939744
240677568
240415392
240153216
239891040
239628864
239366688
239104512
238842336
238580160
238317984
238055808
237793632
237531456
237269280
237007104
236744928
236482752
236220576
235958400
235696224
235434048
235171872
234909696
234647520
234385344
234123168
233860992
233598816
233336640
233074464
232812288
232550112
232287936
232025760
231763584
231501408
231239232
230977056
230714880
230452704
230190528
229928352
229666176
229404000
229141824
228879648
228617472
228355296
228093120
227830944
227568768
227306592
227044416
226782240
226520064
226257888
225995712
225733536
225471360
225209184
224947008
224684832
224422656
224160480
223898304
223636128
223373952
223111776
222849600
222587424
222325248
222063072
221800896
221538720
221276544
221014368
220752192
220490016
220227840
219965664
219703488
219441312
219179136
218916960
218654784
218392608
218130432
217868256
217606080
217343904
217081728
216819552
216557376
216295200
216033024
215770848
215508672
215246496
214984320
214722144
214459968
214197792
213935616
213673440
213411264
213149088
212886912
212624736
212362560
212100384
211838208
211576032
211313856
211051680
210789504
210527328
210265152
210002976
209740800
209478624
209216448
208954272
208692096
208429920
208167744
207905568
207643392
207381216
207119040
206856864
206594688
206332512
206070336
205808160
205545984
205283808
205021632
204759456
204497280
204235104
203972928
203710752
203448576
203186400
202924224
202662048
202399872
202137696
201875520
201613344
201351168
201088992
200826816
200564640
200302464
200040288
199778112
199515936
199253760
198991584
198729408
198467232
198205056
197942880
197680704
197418528
197156352
196894176
196632000
196369824
196107648
195845472
195583296
195321120
195058944
194796768
194534592
194272416
194010240
193748064
193485888
193223712
192961536
192699360
192437184
192175008
191912832
191650656
191388480
191126304
190864128
190601952
190339776
190077600
189815424
189553248
189291072
189028896
188766720
188504544
188242368
187980192
187718016
187455840
187193664
186931488
186669312
186407136
186144960
185882784
185620608
185358432
185096256
184834080
184571904
184309728
184047552
183785376
183523200
183261024
182998848
182736672
182474496
182212320
181950144
181687968
181425792
181163616
180901440
180639264
180377088
180114912
179852736
179590560
179328384
179066208
178804032
178541856
178279680
178017504
177755328
177493152
177230976
176968800
176706624
176444448
176182272
175920096
175657920
175395744
175133568
174871392
174609216
174347040
174084864
173822688
173560512
173298336
173036160
172773984
172511808
172249632
171987456
171725280
171463104
171200928
170938752
170676576
170414400
170152224
169890048
169627872
169365696
169103520
168841344
168579168
168316992
168054816
167792640
167530464
167268288
167006112
166743936
166481760
166219584
165957408
165695232
165433056
165170880
164908704
164646528
164384352
164122176
163860000
163597824
163335648
163073472
162811296
162549120
162286944
162024768
161762592
161500416
161238240
160976064
160713888
160451712
160189536
159927360
159665184
159403008
159140832
158878656
158616480
158354304
158092128
157829952
157567776
157305600
157043424
156781248
156519072
156256896
155994720
155732544
155470368
155208192
154946016
154683840
154421664
154159488
153897312
153635136
153372960
153110784
152848608
152586432
152324256
152062080
151799904
151537728
151275552
151013376
150751200
150489024
150226848
149964672
149702496
149440320
149178144
148915968
148653792
148391616
148129440
147867264
147605088
147342912
147080736
146818560
146556384
146294208
146032032
145769856
145507680
145245504
144983328
144721152
144458976
144196800
143934624
143672448
143410272
143148096
142885920
142623744
142361568
142099392
141837216
141575040
141312864
141050688
140788512
140526336
140264160
140001984
139739808
139477632
139215456
138953280
138691104
138428928
138166752
137904576
137642400
137380224
137118048
136855872
136593696
136331520
136069344
135807168
135544992
135282816
135020640
134758464
134496288
134234112
133971936
133709760
133447584
133185408
132923232
132661056
132398880
132136704
131874528
131612352
131350176
131088000
130825824
130563648
130301472
130039296
129777120
129514944
129252768
128990592
128728416
128466240
128204064
127941888
127679712
127417536
127155360
126893184
126631008
126368832
126106656
125844480
125582304
125320128
125057952
124795776
124533600
124271424
124009248
123747072
123484896
123222720
122960544
122698368
122436192
122174016
121911840
121649664
121387488
121125312
120863136
120600960
120338784
120076608
119814432
119552256
119290080
119027904
118765728
118503552
118241376
117979200
117717024
117454848
117192672
116930496
116668320
116406144
116143968
115881792
115619616
115357440
115095264
114833088
114570912
114308736
114046560
113784384
113522208
113260032
112997856
112735680
112473504
112211328
111949152
111686976
111424800
111162624
110900448
110638272
110376096
110113920
109851744
109589568
109327392
109065216
108803040
108540864
108278688
108016512
107754336
107492160
107229984
106967808
106705632
106443456
106181280
105919104
105656928
105394752
105132576
104870400
104608224
104346048
104083872
103821696
103559520
103297344
103035168
102772992
102510816
102248640
101986464
101724288
101462112
101199936
100937760
100675584
100413408
100151232
99889056
99626880
99364704
99102528
98840352
98578176
98316000
98053824
97791648
97529472
97267296
97005120
96742944
96480768
96218592
95956416
95694240
95432064
95169888
94907712
94645536
94383360
94121184
93859008
93596832
93334656
93072480
92810304
92548128
92285952
92023776
91761600
91499424
91237248
90975072
90712896
90450720
90188544
89926368
89664192
89402016
89139840
88877664
88615488
88353312
88091136
87828960
87566784
87304608
87042432
86780256
86518080
86255904
85993728
85731552
85469376
85207200
84945024
84682848
84420672
84158496
83896320
83634144
83371968
83109792
82847616
82585440
82323264
82061088
81798912
81536736
81274560
81012384
80750208
80488032
80225856
79963680
79701504
79439328
79177152
78914976
78652800
78390624
78128448
77866272
77604096
77341920
77079744
76817568
76555392
76293216
76031040
75768864
75506688
75244512
74982336
74720160
74457984
74195808
73933632
73671456
73409280
73147104
72884928
72622752
72360576
72098400
71836224
71574048
71311872
71049696
70787520
70525344
70263168
70000992
69738816
69476640
69214464
68952288
68690112
68427936
68165760
67903584
67641408
67379232
67117056
66854880
66592704
66330528
66068352
65806176
65544000
65281824
65019648
64757472
64495296
64233120
63970944
63708768
63446592
63184416
62922240
62660064
62397888
62135712
61873536
61611360
61349184
61087008
60824832
60562656
60300480
60038304
59776128
59513952
59251776
58989600
58727424
58465248
58203072
57940896
57678720
57416544
57154368
56892192
56630016
56367840
56105664
55843488
55581312
55319136
55056960
54794784
54532608
54270432
54008256
53746080
53483904
53221728
52959552
52697376
52435200
52173024
51910848
51648672
51386496
51124320
50862144
50599968
50337792
50075616
49813440
49551264
49289088
49026912
48764736
48502560
48240384
47978208
47716032
47453856
47191680
46929504
46667328
46405152
46142976
45880800
45618624
45356448
45094272
44832096
44569920
44307744
44045568
43783392
43521216
43259040
42996864
42734688
42472512
42210336
41948160
41685984
41423808
41161632
40899456
40637280
40375104
40112928
39850752
39588576
39326400
39064224
38802048
38539872
38277696
38015520
37753344
37491168
37228992
36966816
36704640
36442464
36180288
35918112
35655936
35393760
35131584
34869408
34607232
34345056
34082880
33820704
33558528
33296352
33034176
32772000
32509824
32247648
31985472
31723296
31461120
31198944
30936768
30674592
30412416
30150240
29888064
29625888
29363712
29101536
28839360
28577184
28315008
28052832
27790656
27528480
27266304
27004128
26741952
26479776
26217600
25955424
25693248
25431072
25168896
24906720
24644544
24382368
24120192
23858016
23595840
23333664
23071488
22809312
22547136
22284960
22022784
21760608
21498432
21236256
20974080
20711904
20449728
20187552
19925376
19663200
19401024
19138848
18876672
18614496
18352320
18090144
17827968
17565792
17303616
17041440
16779264
16517088
16254912
15992736
15730560
15468384
15206208
14944032
14681856
14419680
14157504
13895328
13633152
13370976
13108800
12846624
12584448
12322272
12060096
11797920
11535744
11273568
11011392
10749216
10487040
10224864
9962688
9700512
9438336
9176160
8913984
8651808
8389632
8127456
7865280
7603104
7340928
7078752
6816576
6554400
6292224
6030048
5767872
5505696
5243520
4981344
4719168
4456992
4194816
3932640
3670464
3408288
3146112
2883936
2621760
2359584
2097408
1835232
1573056
1310880
1048704
786528
524352
262176
0
