1521187920
1307445845
1315200661
139751800
1235974611
1943781283
193388938
455360222
413503581
242432133
1231123838
615624539
575341146
532772142
80565432
1203865752
1983269211
28828913
511623316
1899853129
1477079093
1155027645
1831226733
1505019702
517123400
559472438
1483586484
1721962471
905060061
1724858992
627576866
369056236
315599785
904671050
160808202
129592518
1374169455
1229148773
832097991
225912182
1395723201
187303616
826420565
1471843743
1926757606
1325300209
48243964
423230298
1016062679
894081538
1556580391
1883120534
853668452
2144454374
823385171
1055828266
964792948
1917706647
833627171
758403705
59502953
370143949
1895889040
2044768193
956845730
1937916764
1059177277
264084480
537664026
810377259
934415336
446931587
2109090861
826221516
701295357
1465709324
65435515
1403682749
1645466437
394997407
1716238053
1416126266
2128020667
1671493353
708229557
1317903805
1668881023
1155844686
1086001114
1055894292
928007652
922834574
740227152
1129387804
1822353572
2088766482
211325854
1311301407
921067571
1850563545
1257536633
772470472
804385840
1085450746
1243744390
392570559
1436875256
782802645
216240957
405994213
1593204565
1604657370
254104809
418454061
1303703124
1857216757
1357080524
1619788309
936557620
139789205
456113503
655736768
858477946
370675800
552789430
89514162
2032097570
593097301
143567618
1049916711
1830376688
962949893
263693105
980196880
1429918948
370817486
2144008624
1534050475
2083370955
916519470
414700368
1150949822
92601074
1606163072
2137509446
2091584111
878268150
700431726
1216888908
385816771
1761666999
1002485748
1506669798
456080817
1812404587
381197836
1684491711
119061218
687830222
651538428
2137835314
195711496
77149303
1099960888
1591608036
394745816
831712582
1191860725
54106766
148815013
352031738
2069502027
555752664
1499186331
1655507423
1362472453
64403041
2105002388
1748861604
768561673
251930843
927989914
971519307
301585502
1137365588
303553786
1866656313
632440799
764192399
636504833
1411192941
1098013819
1062345872
99982422
901669837
115463206
2048602679
794402803
151350940
1027218528
1987168260
1845297090
1606750217
1939191392
1250342649
550673872
172827104
756398045
1847009949
537479984
778909539
1122127480
2087561500
1143198319
1519562548
1932513225
455816076
1298984879
118010473
692092932
1279084618
104099938
536335042
427022664
2124669315
563893413
2041321974
1886829956
1653008847
940600374
1224965161
842308870
834380023
527468820
1221836667
1256209313
6048471
924647858
834013882
1525374587
2107157087
1897323735
2098687287
1890536561
831253171
1021354261
1909510582
1014803239
1506588786
1818386915
486403711
208134831
230059284
1583563865
1014097041
84922836
1362513517
785667464
841048054
107953413
1465254990
1590439028
1011166002
1814430169
1424787019
1783656880
1509246933
2116925763
837870486
1753351828
514571824
1514017363
1895720714
1158817308
966751780
836751270
919583044
62028128
190483222
1240592748
653181676
219658668
1232383230
1020474900
1639002386
952506939
353452191
1763359638
1710595506
1893225365
231346385
1852648284
622034522
954583682
1126859514
1697151694
825236195
1958341801
2011979931
183954041
1875701338
643202250
719742982
645565915
521219
1985751189
1395521070
164447693
197952115
705716773
711998359
187021197
1161524956
1013782300
1327271532
1529899623
2147193446
1805025115
918588335
1916065280
1292831672
1398594910
1762646410
1787874111
89749141
1001630259
1352432837
487670233
1263616931
1290094357
744608593
1893086327
696924744
1382149801
471033345
358602117
2113564333
1643790292
2042749784
1019086489
1731286500
1673616439
1090237821
1648335998
961591846
1951937608
1127466315
1577949661
1318154549
128137998
705698949
1752640135
110745312
2122668921
1802189095
452315489
1326067109
2060364123
1802372055
1438489325
914564976
649783303
1012235130
1168418417
1278015618
549691525
274089955
1877751750
1686730349
1657479534
834766247
1789023166
1732371771
1616994922
1261518092
226871603
1758016687
1756980548
574101024
1731594408
1211469731
2104839847
32963557
1570802847
432029584
156831864
557088938
1102068855
923338284
1826037711
1950152053
2044711934
128593710
132665490
1259292316
471267739
16563245
1347915952
1061801843
97144081
121646246
188472568
67860255
1280399601
1926202397
1265002899
1336969353
1533669535
1908756570
1655740452
286775150
193930494
596283860
955577723
1595139220
1975687611
1953007660
179837168
1374999319
1229563187
1634960592
1991892834
1876107490
1850492162
556074432
578100172
1234187321
2094698793
1289583213
2040231808
1333850226
2067658715
795489469
1568463876
176661444
1397107684
179447852
849698950
69582903
1763069879
2062825740
1785877756
182645179
1299547922
2058092013
1938728156
661537621
175028560
1398666519
1221618549
1396122996
1304292939
56250420
2104833001
369575778
231100395
387291147
500694727
1921209814
842168912
1344834151
873711433
8900774
294741144
1618785302
1110893095
423119257
1809632333
1270966541
324481045
1449819738
729460078
1008524457
2140978656
989585289
161083672
860306448
2094533665
850867948
1751325905
1928973494
1192417435
400113347
1744333937
1425682683
1046340407
1696472121
256729262
1814697202
244041881
313446134
638872642
1728423229
1378921566
1768212433
704776635
83841556
2109738229
1137375395
571417567
1632469092
1302182679
438751031
47798969
2133256980
537693924
1137225053
375279428
1731499618
968168603
722112542
1740095411
1212962668
1923615478
1004320777
2077285979
343216587
769928480
2041267372
384429374
1726344538
1545888340
1575277855
314951733
1782834708
1941114131
194600890
1127065529
1140144155
1674630145
2141819622
1756497486
672680405
1049157213
452079889
416559756
1503909425
1563565595
837024187
1437775819
227555592
436003232
1647301038
512452458
46522270
761628442
1287126090
1216900284
1493892935
483969913
1794267134
821720464
1063965734
1440993037
276082643
1173920092
1353894417
781289917
2057524258
822036742
1053168016
163121377
579554406
1127362894
1104036613
1083928765
1391760428
1224317402
1591202277
1072061339
1540224295
2037541599
609432100
1151258756
1532702816
1848681322
375370159
2000858010
237455498
2076617289
1993549843
1680994837
1808260979
2013299608
1707195963
902769624
488355991
912823531
1895510102
241007791
1476235983
1327251989
2007436247
924112680
2105912102
298929299
1493142422
1389380363
101145292
1406238616
172151828
985649527
1847419428
977326774
443314651
977762458
1231983352
718982438
239410180
1984803084
2071833548
118920116
854908115
1464880841
1878152784
619555658
547611260
1380167625
662067951
737679895
603478537
707263038
1671510916
1842426203
545510995
1426179177
1419609900
1080224210
1436083501
639574041
22436150
476732602
581538977
1793565634
1680905527
1088848771
978963026
780512054
1102746171
499845139
1744596736
488679938
1165362966
2011402162
140546090
1019480424
369830360
1240500889
1153677774
1040952308
183571550
978137618
126937676
283562173
1627824133
964624203
308781673
466858042
1926761082
394888381
1104982895
1367461054
1065407917
812004404
1436454257
1735299217
761165028
36584314
1430319019
1466921901
1665104108
570245540
923794696
802587410
209980778
301362936
1023989438
227656646
366983503
2009188729
1150680853
385059693
775517289
1307480082
571467333
1280936064
279331863
1552408155
761668476
1061803053
449556757
1886618378
534510590
1819871179
825919605
1518834425
1267399271
1596059640
1051163055
1296163535
1854437388
1942427474
846087119
458568014
1362565760
1736442574
396706764
1819438137
127625010
989305272
1934775801
225516000
1486532403
1121899335
1664031893
199266633
637383958
980313052
2113527165
465324797
1627688689
1497613271
330385665
186135660
1869571711
1343326742
1785502675
2143195133
1949817191
1155576844
1357295131
1283951542
670096280
1201673593
1768530344
139155589
1124015563
1947781579
1202848066
1364339753
96082474
984752401
901464859
1924282304
2492687
1532830360
324321379
1136803053
377036773
2099732260
1643992059
759696293
488807467
1391881420
318042689
1190449815
615529623
1047070323
1943448586
112577590
1272375895
1248880863
193113774
956199524
774730866
1334060919
2093413180
1847198396
1291083597
486298269
120483534
526695804
1119087178
432105894
1674163704
2091510030
447319435
129970802
2025923930
879379505
202396116
1090465965
1513079125
169816264
1801684111
211883681
1111957210
2118746431
1324444136
817047989
19908446
165638806
1485549336
1775383685
1537124842
1834252
1711111872
1779974303
349129550
1600800104
692795755
1071313368
1989904245
1858771174
247329846
1437465930
65328596
1027276221
1501364108
95147499
596648701
1661207113
1511643145
432949450
873754960
2045449434
1897333632
63070952
573412048
1138118169
809008152
197040816
1271361043
335689745
544500625
1024972564
936075347
472431585
432347300
943820358
994078371
1568735229
1510541449
1848563216
357046331
938647836
1722578578
1011736529
1628224500
2094223298
1244095477
540342805
198419151
1152154730
1418568103
909103567
221503919
427252815
430069347
936201525
152331303
1125658839
87466697
2063202872
1369870958
658922397
1479746980
1689823903
272114799
1595762969
1738949188
1942648767
2106446845
1407966190
1068313354
1764820953
648134692
1024926417
741069314
302616336
1413182363
515425041
958923178
1433183749
1879351381
2056217030
1985871825
694595601
127713846
463402394
694762651
224275230
2128542435
50727727
1036103585
838394659
959486130
1321379372
167159093
1013359418
727964353
1879042279
807001539
2089262687
1134666786
1856916656
945422675
1011771847
335933492
1983567032
1853458730
1050739418
1380317709
802571677
759128464
1786378959
1072965907
1619266451
676373933
197296611
1390736554
79239472
2033645453
1877978166
888738055
1263380692
1707939395
1417210434
423909155
2055826098
1963160617
509824760
793639372
985680256
1158197061
1543298425
454932949
183406519
125693383
907851886
185789294
1067833223
60637358
1081126148
2117942926
1611190107
993545867
774779783
1413241996
774536452
1750575198
830775194
1235913934
545671556
438782620
1913641488
1525133976
1813036922
2128800850
1155964523
1708987910
1714783781
1706876515
1968494063
388467221
311804694
426007789
2139245153
924623323
35826807
1174164682
2144307809
410568407
182629873
841072435
641104225
5186147
636248639
1915803006
706323777
842099782
1787323213
292192008
944053129
1670697062
1922913036
571439917
739579970
257572250
673312469
169666932
425887857
1093898142
1240948599
1177416136
1553660465
1434723871
1188804575
826306273
1760113772
1685232375
264074339
450272450
321736758
2135583091
1379624107
726527323
1331088838
1629976783
1294535228
543376718
35700497
475175875
1915098530
64946894
718782980
1003829046
1633176634
1617383588
424879198
767255057
29474969
43870028
2001087273
1902047279
371320732
655523388
254023635
1661663856
1785639949
309022532
362882285
846108141
291209967
2085957136
1325683839
214862917
246825575
366859723
849447429
701564694
792714567
812592862
1116801547
792412296
1336644919
1849847510
2075203936
1814588163
1531024770
1001526372
869275130
943858176
702261371
143155581
355009382
980801021
2033686922
23074210
1690445033
2041038218
227110358
1971800634
1549590329
270218625
1634745744
967865115
1780464593
684767827
1888688090
1765516583
1805060085
135693436
1456995155
1596089619
1555441986
1259586072
654150977
1991401539
365650417
2086094736
922802521
2003276241
242835112
511889773
1371735085
2088531373
593856508
1563382093
1886878259
1884228574
503296392
1010554866
706856301
2007207399
20406435
503303800
208851898
221894724
79463616
1651658911
440932281
1496885780
1311578983
929274438
1300991574
163708112
300865996
159554041
1926910706
79025721
1141609993
641194657
231214131
576525904
769182205
545265242
527440741
1267458943
1528703424
2047075426
585767051
602109653
1047848898
181343276
46515463
206908015
1079566463
1952540564
545996513
1996803058
410945504
964394542
503242423
306599220
1091834418
1847976887
1412745794
1423133946
222425787
1921965
1425466752
1805005276
791046654
774792186
1346399363
1840148805
1598651789
238807244
71114710
733318295
1942115206
416187264
1190038919
1274424939
899451819
1128328892
871932118
1884295670
253480994
503560604
1472152184
537902727
115701701
1680622595
2106684296
103758124
511423527
263056916
1169878283
1801776757
1802724645
257526969
949743134
892876368
839207972
271471968
1442284223
740750355
1319958764
600347334
908274996
148763801
1058236960
351114475
1380416539
1002294403
371784537
779709989
940553999
1551898784
1404164831
124399441
1553951732
99426919
104980739
1368225060
1829193440
156240545
1532511004
1653618847
1683963558
383237155
1905867804
2113795233
130203648
1299515577
1152083150
1094406806
659300696
975860255
446698926
1104785486
192366899
1648902441
732548196
769913064
883429691
98020610
467218143
1511664365
495947751
966915217
1397286411
580445561
1769214665
787246071
757738030
675395219
395457396
5283893
891779812
193344670
1368002823
1864880875
842046645
554913001
850548827
1307783227
1033541200
1164587361
1104897221
236863692
657459047
1121267558
2032624520
1485781482
1845089062
2088362426
1556153306
1355869643
1070446672
514805654
805887377
341589485
380637433
2136320727
32135274
650318234
1550816218
30834517
655064566
1583149709
641044820
214910292
1880604706
1672843695
1622328836
1347774740
1243373153
713004538
699956479
1516370307
393065336
827471743
1863277482
744771603
1937200613
740182146
265867577
207496102
1204655341
607088323
459129794
308320420
1400208449
299396824
92058877
401145903
121710668
62229429
1200830618
580196462
1307628828
870194254
1617049151
168935430
1898295786
1552849235
329912605
1730424487
1807360839
2112259354
2058579758
1985799362
123977190
1634316187
323680781
2105844824
1899881472
1814722708
646058865
1514595566
1537249127
1845154253
1500256071
673338525
1377137195
618390390
2007983468
308222022
1727412195
876631212
1538985220
1842584802
333533593
229857818
241537914
280751095
1264539220
876006588
893841684
301241638
1097441858
927771327
1273462065
1537826529
312704642
440697989
1769940002
1494814779
1369553804
371947460
1864097955
1989330392
1261520958
12942030
1983648501
996566019
1556868995
1130420715
2111369113
910743518
603129506
1430317282
1160175530
1455815092
614102561
1693125271
462769368
618988139
1556817747
1240551630
1651831549
675390997
1389002885
1745360398
2109960541
11208101
168114625
1214780320
1217164671
1291504062
1683387453
1708430775
297564578
208263335
1168678499
1245024169
231125214
1213020507
2113687166
1555001947
532634329
1459410366
2050612734
1352582844
1394956578
231665129
1635069800
1593552488
1110016045
1387146918
1998039261
1820953708
2020589035
1392344311
1767574852
1912158249
1739444230
207333585
2000715287
1676164177
1405936566
1972000998
1415155655
361612303
1257183555
224305568
804125389
34469955
2022671639
274127145
1055331150
1341566699
1367533695
1918392999
1561514346
74739357
2055797758
709954181
1969411106
511502384
536986958
69438957
375941347
1570515067
282596084
1065502546
1192575411
1449387061
1617549182
659311145
5841911
869294075
80264796
1036031927
892303838
1332516465
1001976921
1099896581
682905710
297229952
1996078516
1804851697
1065806889
593851325
1598231519
1140875615
263765595
850944745
916268243
285192844
728376579
1684044949
300559886
1537027971
44236636
761270238
742968618
520307880
1871429895
1699237718
1560051739
1629887857
93081046
2047631875
862695173
2076160565
1923123255
246235777
538851768
2084938012
386341947
1950953026
723329737
106325047
15577410
1002669814
256086606
220370601
411454533
2036738054
144378421
1454381826
1201949888
1101746745
358630977
1386222764
456920634
787443578
1265361315
847103614
1132910706
222040241
1712421937
1789626478
968714280
1204922317
1555675461
702817891
1660287621
833331171
740758069
890903081
56059175
1326617968
555423338
1264792190
572613837
1418367162
982602527
1354127689
1319300252
321340501
1436466360
1604995818
582606860
430862786
1893209020
1564422316
226771314
1158723122
915365745
589967447
790724394
197337448
601896979
1681466083
1969432928
981997756
1745107632
2085995591
1001847419
2086414395
1331994787
1167249006
2064170024
44270572
636720299
983732555
1333342974
2021595950
472350631
1144896003
1110432467
545013821
1662789360
2071599945
1205853595
884999635
1652627027
1375496392
896880375
1199543531
867856297
1735194553
711349858
1042865312
1083234837
13022868
66359795
1630740020
715057882
320384483
686136271
1262810925
519438807
189103153
1048460335
1951771546
752497567
1817272098
612004362
986288756
378829625
889617308
1056250975
962962975
835980657
1027618595
1431612961
594828048
361449433
1445565507
1761539774
1085669000
1799509343
1950852134
1282189646
1389952894
1629569676
1030242117
735439957
173712282
1779751767
144594747
1186716725
922143326
638405796
779637685
2041023027
1347780703
51061596
11668614
1077256739
1888437425
807330601
569053911
697204915
126681698
2001276622
1350769532
1599939666
844554268
502012962
248085601
1842610875
1144334318
987721127
2068434723
821390626
456698148
1959398347
1833888443
818269433
980686418
484276154
483821141
1038656351
1745224048
1559531998
1296234303
1192088870
69941279
304098804
1010670589
1277390207
722166282
90869452
1234413177
1998102852
686678888
1974772637
176166743
365001954
774055325
983793922
1441848423
1505183457
491685888
927084437
1963074612
1887977746
1040145080
451119655
1514805433
281678420
181102015
697402777
1019237171
1112326914
1535352328
110287962
1261402898
1029756413
834915005
1894102909
273981961
897689681
841481377
1922928501
1832324932
2136859014
452909461
1920736881
2013023161
1808424582
947772982
511761998
883384728
491299110
376231843
472394813
938434780
1796238930
168818524
1598737395
969431811
1000137946
820773702
1688216710
645605338
876082899
1475757003
879833323
89875826
1199820715
1526329886
45071881
1349535023
1496338637
1066862748
855978105
131848190
1770221293
1851422542
187018205
664120230
45996528
1831722635
2137527770
1632152376
2035415419
417141178
1794182835
1542542497
620357655
701613110
222730627
911766878
77182718
1854530122
209964567
1775747150
606463109
1389574235
826248806
723037859
119181093
94317093
1697569197
1406352882
1645121319
980114461
926611243
974732651
1932935404
48779510
684544630
1888746530
383543766
399842624
739672953
40192651
513032663
1696035626
2008259595
708436229
1993231252
1997105256
1491891500
1303010701
254428469
703232048
74929630
90778259
2029722572
108487518
299494814
2064564457
26635103
402960567
1824865405
1136318168
433567123
858894154
1909039840
710422093
1381505271
210107634
1377432272
1983501361
786297579
975811321
1751645439
1982055126
940865068
596146903
617788248
1505622413
1330765821
791801112
520461121
1125137236
1974703602
1858976859
229304688
1612039852
2025985628
2023771766
751649127
618363017
1472415052
772048311
1868280461
1443884131
1820344390
1619631174
1515334891
429149034
1898742404
540021670
464668544
664116438
1307493347
581884506
1344000577
1579256156
535338094
232384932
219303344
1478927292
1210095238
1213578600
2071200279
1719625847
1795357099
399976496
1056510049
1596475039
1944598505
828712265
945583766
255075270
1205110753
646605578
498508273
882371864
1578292595
1547607860
1731250336
1822222213
1158009605
162213749
1999758616
2077397270
1747752307
1408102407
1690898
802424161
2122630291
1891353205
1546419749
1598158616
1288374883
644327038
1981241857
1880191163
372968145
1618392850
2065411141
1491119726
1392168487
1655682425
1325757438
1116111589
972171282
698147987
726338237
1353046395
856507725
1625364026
1034019668
1775634274
2138188271
699198659
547240492
722058741
1503889997
2083484324
1178022214
157913130
344459405
1177373231
367423948
385096995
343113928
1897650045
103943507
805638627
1765846491
525461094
627112112
595940381
1189351627
1077243564
444996212
941213736
390440146
1726363703
76777221
1665877008
188582410
1205813627
1483154522
1803116998
1508405429
478472693
1784385362
596836983
533409575
1035207381
393985202
187331834
1862896720
675678134
195391418
61362530
770369770
1245766024
743325794
1396652979
833098043
1764537743
1424001846
15982514
1537745287
1206936196
1700873419
1303353301
730269462
1287482841
1407535837
1510560090
790546397
136200986
1693216006
1180131188
1005935308
1766180719
664930077
2077626271
360938164
124609342
216442665
1968828693
1181056466
1551811565
1082382593
21094745
1582160892
613988293
1654837633
2085359600
606186854
1548920306
1177572203
649218863
765594641
991446183
1390659543
497354800
1359602130
2007977822
348464216
1879160798
1337347323
1964187453
384620717
622336816
2078827944
2037262228
1970445857
547055731
1905380775
1043822723
649306752
1251423167
1200231685
930777529
2078681270
177024139
304192817
2066853719
603478277
1893720669
577193168
1417657074
1268357858
578806426
21022236
127625911
2108256877
2073272699
659182073
445081770
1975286668
866631712
2029031830
2119941127
848805027
402416063
2046875836
420589257
571222769
2145214965
1201533623
1989232968
371186314
918445629
130323421
424650237
1250948077
221291646
552671679
692027234
1225664833
467155134
2074665964
1195997684
2077099313
1533428725
2101620572
1645726810
1017253216
1433558524
335150720
517539744
1219383947
955335844
1987983332
802677148
221620282
421442019
1444595069
1065485169
1927306787
1880695594
1269767829
2127953457
1303311643
2051638226
1661879888
1112582046
775481785
169725108
594143450
578044169
2088717961
599575255
1736040751
151513692
1595707370
1867145028
1199182214
1347683123
1318476677
959883766
1317869659
1040727076
1101809002
940028398
1798376471
843201055
1145922761
1161051234
2145126239
1618464241
151568969
337618197
405336054
2046157283
401609224
439462338
81363536
1079336831
1000461104
1115830962
469322676
1272541042
86478642
1438679661
2067651852
977180045
1529254562
754808461
1140531276
1681410790
741153199
1056269230
910645885
1389549595
1145801277
1484326529
1524171877
206131638
1799943585
147710976
1633764309
96188588
607894520
2070327996
910716815
1253007616
1958923044
340772689
1532930001
881057925
1730777957
825791996
837365122
891873216
654863248
625113923
1511375352
495290091
487898862
1791892946
921172324
1732739350
1081081523
394517350
852036059
593063785
2138698008
1760088802
1721843969
1680381572
1872402456
35208575
1684728404
1901031431
71403973
1054468385
690032658
256379437
2099000388
1480443332
896082120
832143251
1071785835
280598549
1056777081
1923475735
1521360373
2144273181
1598866535
368200668
1112285280
2040085272
145106049
915940713
1204861796
2140722020
1595667816
1671976945
399696911
1128348053
2079132704
29448365
1935786881
1461817253
302658640
135701093
686376002
1512814409
991538741
1841663503
223075131
1152876638
1252286761
1924387726
1495639640
764218498
1871670476
1467356315
454335159
899717568
54878924
234943425
2141396109
1952122467
1822233431
256727426
363723414
1466793963
1061189146
817932695
544499510
493088542
901044724
1362348629
1586506033
1083233077
214836540
1157627947
813555204
27680311
1307152555
1889976136
1975568350
1769718884
1852368616
714716505
581648702
1161482439
892203695
1350200688
168595498
916517103
988177821
117248000
118911753
742394295
712188314
193978629
5792030
517900096
1077571299
1143029313
575936673
106641920
811813042
637009824
1720628347
149992180
628132493
1957575613
347808671
880603377
1830119464
874287741
1917746176
1303204120
755579384
730087385
1864123186
834393192
1270302806
531126458
723543713
1676274798
294117195
283816957
1811823976
1899372823
1238013182
268902806
865570255
369951142
1117670583
533705168
1913925732
1342894784
271720591
2121723570
1281526452
1080789924
1241709495
2040596862
105036710
1268536441
1659653985
599989843
670167925
2058606528
329182286
661114866
1764299080
560666857
284666613
937598365
1962492016
902210049
1029712973
1794077979
1170403133
1996323464
1618910519
1775379161
699341181
1115650401
1872627339
1927373354
341344402
627147746
2047300542
136540079
290589487
1695378443
261872173
1490952146
647046831
1157382100
268749576
148544364
1763091474
194837407
1649908190
1220347015
924723860
460763597
1858470336
2035443005
2034498028
1983142253
1852896021
205220543
1360156190
381261326
1130386426
1560317554
182687485
415427253
412491091
1988390707
1889236289
218687978
1053949555
605240507
1644810048
1065686253
377704804
1327118110
1618132813
191904774
1161415123
687891566
5995946
16601594
1765927067
1674165884
217655338
282117273
396418540
239090366
1662396776
1340312693
401875992
1433546316
1335138718
755123629
1500757242
1670098949
863998755
176931815
1629133827
59292366
310580355
412595036
2036819682
739766778
2017569340
879032588
148920015
778176966
519617043
2063115283
1613210741
896005627
1104669201
424763924
1335527546
6955190
1828568350
966822097
1439398572
678234948
198385464
1907943133
1950939593
714332967
1713453904
1416932712
1370277355
1557099830
542676161
961996090
1938036622
543746272
968228462
4325563
1591737663
945294737
853649782
1239694638
1944431075
1145263149
586032535
1637065982
1781079458
1251208889
585157916
1843307825
93926254
2086244377
1456125572
2134067193
753581364
1592468980
1720772017
114181737
56686749
895880883
963909321
1019495237
2066499201
1837329833
30678189
227188978
2147266281
1205034829
2016439572
1795851404
24402879
627568546
614929475
572504086
998167572
141939895
919399019
1015954892
2043961870
1083117386
407733407
336889493
549301612
100381576
619641712
846028181
237122744
1819753456
33374503
1123269342
1135406856
274524245
157442462
1582026566
2147287152
1345571586
896312763
1914157907
1175259911
666060279
521745546
594772819
1171932820
451074642
1497983990
702214793
1753032918
1409567689
20106020
1918189441
385353837
195377748
2067589229
57500549
1654441064
799372264
1493077237
1320892200
1588664940
240214109
1623371756
1135642111
1703540093
436472177
177187681
1243507568
1112579948
1446666469
1706468542
1956276898
1755930333
414811845
974570212
2024788884
1260497908
1384378821
287271908
1002514249
289719708
1626700743
903242838
1220955425
1628967284
1838969977
878332506
2144308036
707612758
1533410332
371689001
159536183
286216580
1133906015
1752001110
96738192
959344241
820483433
1050860967
1452835782
473741610
1496818934
283478154
167466786
1287546719
241552793
1495539766
206822866
85042194
1606368287
860096863
2015773468
486117851
1383409940
1694248085
1476451248
946530261
929948767
1839363642
1215184662
261436201
1062189320
172432414
1846691398
277505845
756484891
651190969
791093590
387384920
402469284
184237060
1752225358
1106759004
1561046745
902871540
932223767
1111387009
1066371159
1759899284
1283890322
1225093410
937075077
909865918
289924294
556547846
92084757
694908021
968307249
693526598
1535038121
178827746
1261089343
1786140886
1111579026
92184042
1175826648
1063424689
1303683507
770327912
1837920020
49525669
1133315460
1306878988
407466762
110511544
575617074
1735957455
1623114438
934165558
1198450404
1501522450
1521654872
222920536
981920793
1058542674
1276009737
436684947
1778259757
1961059978
889153961
1517074810
274311675
660323622
477432324
45856592
1898892955
4748447
243485043
1197978926
1798727500
1179285687
694292110
1226094285
1318763117
844123475
1958788095
1128756721
1766628518
118196976
2031733874
942814323
2133187364
1407674563
515308456
452486377
2063124481
924814961
1968025259
1023144947
612952769
990906216
648310044
1021942821
1139209976
1565184472
1940741544
736513676
1290423050
1343038290
957274009
2098616799
1336170763
938876155
1297234825
1448581700
1489927108
33704300
553805105
554867643
628677079
1684725290
1527130207
1947941163
1338579194
1035819709
1184393990
1918362119
159499103
401588079
193367663
636440733
947347764
989803939
1710684558
1068440315
522610758
258646991
1812248175
182069374
812467137
1245202199
2048537807
355775992
723506706
1775045767
1648649159
177484413
215873261
911082477
265843875
85188299
1634504554
87025233
47823057
334739795
1021908554
1268664850
1924279541
565567720
2108247640
774094495
1562862362
518469635
2056603883
655731150
1713282562
1153610416
1516752520
2086297820
1239289758
1177245977
262238116
365795074
1663454361
1827645613
1446813574
393141168
1071523598
1166646765
259349323
122126953
456933979
1597591763
324861700
1378938426
1853673997
369929695
1738214138
1643764440
1315378682
1321563583
12958481
309910869
1531790702
1110920602
206139978
1803810431
1407892349
424299001
570694754
1462284501
78599800
1626013266
1319749528
1803412519
163847290
611826483
886691980
1570756809
293885730
1850426632
379607619
964240499
946305115
461368713
571804743
1803958968
1636514390
1988794818
1241641195
73878305
1431473305
846978752
420822444
427009766
1627717681
925761237
524201907
1396410440
1881376003
805908873
1268147832
647542158
1432513089
2146713629
1907066496
71047577
2063971320
1277042876
2038105670
1563298854
1876686789
892197441
1773348664
1779999648
140841640
1974508191
1517173976
1661930144
1307912688
1643284977
1800897539
326791938
83462486
1198359583
1968630863
2038751397
789319718
1229030185
1099748749
1264821694
1717239704
1583162387
464839534
719784665
154541117
1505316974
1696016705
1985100910
997143701
1676785278
153161690
878065692
1321942717
1345608205
162756495
431756165
86138693
1872570315
357152860
494311109
555764512
842470752
1282753062
421053583
989566645
1789589520
2028191516
1739491814
1544659986
431807498
1919007290
89026422
1614676544
1538999885
1546251239
168740493
1495216049
277900088
510750399
1089891257
325571030
1843135404
1067662955
245946622
2147128269
1912408799
1111589547
898556340
184548920
702369472
1309231221
431559163
898153001
1984257282
1289579319
1666075612
2143539513
790492872
1212649529
1789451262
2037882040
736941291
1059730974
921559042
358954494
1135421163
44890761
42891387
94984672
931190383
1436309469
1180688525
1747636542
1379809658
1418214684
191833377
164991162
992902445
1661010417
1594283458
2128798083
1594602291
1770543305
1596500247
685901135
1142033356
1212416283
765636349
2109335399
593913466
375004105
612846145
747867356
197985090
691741598
969460727
396760535
1515044511
672902135
1689070201
2002272782
1099948553
379594623
1952181759
1631095379
1460548380
543103251
982519000
319553862
1717865321
1635922116
840503619
1355107627
1099096790
1838479098
1374847724
1454910678
354834098
748144565
418262534
1693653443
1245140825
1909981167
1390248449
2087696706
1328858752
335175454
1215291881
467922639
1397125150
271761110
306143323
596148608
462284792
1811178122
1533215012
440886935
1769174471
43532658
1878342263
580051767
1855805959
598396041
1240403915
449304372
2073711967
1760088750
774094927
932225795
1840053416
1217086698
833528587
2070100688
87294875
1400618193
1164208788
336337071
830752796
2072495873
443722347
2137055210
1531709469
29823944
1156323316
1976607609
811813936
1632161762
1949147406
565502351
2044997805
668895071
762319443
1948608081
1881560956
849286307
1142662893
482502561
308505728
1268923783
1764654099
1686850585
234833569
312328350
1155301919
428715796
843894643
748074130
186590542
958354406
164723592
870726572
517244947
1234098731
605797711
796831090
1525795096
2111972669
400391335
516847722
1405710034
58099903
717372676
1894784509
1662956223
558230614
67714108
371903095
38798911
1414871160
1793487855
1883056939
971950861
2139323996
1857161105
681854131
1128257880
1404464401
1000098070
908733269
369102210
928499115
1536499256
1889836930
352434036
1784717464
855126120
1896460408
1785423260
569013776
805040463
1560323847
237905284
545979307
293084671
972528240
1179710480
1589577996
1442384571
413806952
1787869012
1903809979
836739423
353120573
120568847
1068565009
1193450605
1204985104
1933922504
261291340
1506027702
1082148672
353220740
1866434
1104656290
1426511592
1145327393
1964689459
832990236
215704446
1528125779
359921463
1623010332
1894639772
122853944
317385686
1242955986
1113912283
2129488025
245662262
884936556
863178459
1709874623
1737760111
1711019140
103909216
2091931632
1657344379
1585703977
2101630871
827533957
1182497353
1221218441
1128599670
1158149545
1053700592
1960745272
1286522945
297353136
396670976
32171295
1382231848
1184008721
1422326773
1248573700
822152206
1925299202
1576672453
493796529
1967555428
1800821934
1725190041
1562894532
1673374260
1571288854
1526939544
1150736147
941098810
111714689
1117739230
1735092153
1325777964
2124300961
874221707
796249281
1847554331
2005716548
562584568
710467182
1824873457
885347251
240756997
1401322021
1153801754
1597069227
1691011470
510340600
1917461056
1102025717
729310204
2041893584
1377961006
986633892
1811389175
1064329014
671993046
1996839659
724745785
1492507838
309079150
1942918552
1330050686
635308560
496825524
511643441
832798360
2032915348
2043295059
280855978
375528350
269249722
497253470
1242181568
1415161412
2092135395
370498809
489724916
392599366
1652894447
1581743639
1066288423
1425189119
2107076196
911053661
509581007
17022998
2134029623
1713095205
1298578131
1496018263
1845953339
731190432
2111515401
766737056
534599715
2115157267
38182985
2105087218
1649198389
2041383746
996383022
1026508199
553841550
1291523562
81482345
1348111555
1428325644
856439399
1921297089
342003298
1589008859
1630450806
488836267
2041832785
1440703647
1187557397
1346115457
1262177465
1842566971
2034063239
1795973730
178549494
580719164
883785587
2022658727
987359111
410280166
1283175212
1133748221
795391518
1997614041
1844806412
328581156
1304518870
355920990
1753224953
1060312131
1039731588
1400359508
524560137
1159483877
1724434981
1971023537
1890950210
706429332
1630938231
764163255
982858618
833064208
716112037
1064174518
693034077
1078458156
1771325210
1613544311
1442631309
1731786566
860991863
356826444
922824420
1831293537
425088671
1155972018
1445990101
131918817
849913327
734042784
1628532720
673687522
327787403
759679599
1643132292
1873140021
1321621460
647898981
1801145950
2099336439
1779663861
1886455775
1167095984
1062856144
121556381
977453851
1243357709
1496414405
541176775
1946786463
1005585809
951582139
1064681140
781422666
23743006
1379571081
1416527099
2118996725
73466561
819546040
410320823
260246470
1986138930
1356863962
610904030
966030865
1125489274
148112004
403453617
2088913898
1345398191
1248973289
1165439823
542224715
1674317019
476367380
840619877
547547102
1128889339
299647169
836031744
186856809
345164323
1778599129
604333955
1775666900
1092935871
877846921
987185588
1362360791
1889375476
1600600318
829885168
374937412
186774820
1477005502
1070611839
1439311854
423931024
824379814
883972098
603106869
254000921
686841212
1057911817
2088742447
1164377887
1939381296
465859521
358485621
1086111626
151782068
1869093066
1346501511
1032348647
1328391541
1464170023
1589696477
1372491946
2006403188
232869711
802546315
1294261650
558128902
1845565024
448945807
1101466666
1942687012
203381619
222078139
1741808747
656254064
1552850698
1852713529
834926975
96253637
1366923686
1006052800
451328160
1869183097
512698998
984554834
1267090463
292146226
1234779945
1824802479
1652866177
1122693729
983639781
1724925018
1111341507
631600736
146334288
1276602693
452515519
2083820324
1764238027
806374683
555110567
440199583
1588906686
1126439722
227466413
1646396085
1898569998
2129962476
479196613
105363160
1195182507
435939632
34604162
139736386
497136967
1269384426
189391645
1631126734
1050303009
735795859
1279614869
2090137716
952838143
391780158
2047507952
2129047903
529975610
90379321
2130140319
531032237
1241834227
1897076828
51166463
140204738
1346053732
521806833
1141068284
1940311625
1712121169
1632899392
683415248
417878217
674380700
1966502837
1396707305
1774412511
947322872
1881472944
1881667561
1082945054
616746422
4744425
537557703
1286635136
140417467
1175987582
1469563155
1516558727
728851603
151425947
393424214
1289399540
1500822430
692502469
164122007
1736224547
1299897192
2081866179
791028474
1862281985
1839949079
1274373673
1450967428
1945145771
863549693
1095821954
256207353
762596261
1390356557
187503129
86400998
1979392948
295718891
748256612
1334828475
2146583897
1392512604
1479921166
110897424
337602794
1110288093
1695531424
307030280
897869646
207274895
411045067
1590755539
1363545940
1688938703
434987348
1033261133
396670641
717425572
1277798556
1472961732
1128439956
635903314
185867467
767099863
761000936
830504459
1139509913
723090041
836082469
495446213
1306961337
2038823445
683935699
16681511
467466722
1328225740
1239446429
2068845725
1302962810
1133253081
284350734
1113637771
286888673
2049038102
1914732010
256057245
1363794264
424934552
368216363
641496637
485942925
867701108
1147518615
217847326
1325695940
198652069
738990586
1792574197
152486307
2081237254
937075718
1135014472
151964058
2055922553
256473795
1769243486
1816337389
490588458
647079860
1630389334
1425630303
2088242158
666107272
2033727060
815837053
835834565
170776441
944415446
170748548
1761176702
1920218181
1233925157
1751463920
1109969530
287000263
1716478694
1652507298
1004053896
328742450
1824320208
1323194796
388878064
124545001
513022072
443858620
1856196491
132467965
652796488
1614164260
12326671
2081508675
1318936206
1434148738
1664163177
364513809
878397616
1929546257
1379727427
213766806
1059809150
887865226
561252005
396739539
496223904
860602040
1076393143
1483976250
1266865454
794240663
1959492004
184187617
1448909662
1196965672
355553691
1111845475
1096833368
138167508
1664325103
1883121491
1349517606
1126809722
1711650143
1804027486
2032672199
1323308567
180973167
50359804
1498274146
1614353425
2125286901
507707346
922875032
94891296
675107760
439991720
235053298
865969881
1018035985
1180926978
1790136442
32614105
1659643422
569955421
1723903077
1433249930
1698699372
296585480
1831339245
923207061
2037952586
314813596
1464642621
415488740
1190859773
1547308825
1740295814
1969828946
199100709
313578142
1079933231
343410930
444849214
818399684
577676073
844198393
101973570
131998104
1899440224
1362568777
501586540
1507356980
191482445
702801051
410945048
1401547001
1070426024
2051544647
1381895366
1244593003
1663286587
556897459
964770366
817068457
1225859538
1793727318
344351949
14925191
366399311
868651112
1571805613
1221073738
971467482
1658449448
2061610371
2128835839
1810275893
1931556553
1781846785
2088855928
346010669
287997178
2130295212
1766734052
1611418156
756001553
1596380856
515512586
1036208364
2101236435
1901304335
231428898
322532934
1888514018
1436971376
1922966864
910168616
575579843
413440948
730268094
54726821
1601383051
800894508
641426772
1208984359
1384977190
550555175
623845399
1518658240
93752900
1041481872
1041729819
228298141
730658017
643568051
367245350
1674504603
1296068463
700626720
1980792547
591396340
239170209
924233128
749763520
1728935442
984415958
512046468
2137800805
2104336260
696069153
284061334
801383888
1883051278
1603415281
64501447
1000146961
1292617946
914395490
1005407375
440058783
1130053581
1911829791
160749459
517926486
249294837
197386737
1418631528
1827661326
86299678
541610217
1724000373
1165225689
1505715844
583652390
2008266487
74300120
1771263138
528651076
1735854111
2044941754
987782697
443016289
1101092182
330173907
103411980
105638861
1220871584
1916900565
1843344568
529615949
898513182
1157771821
927159905
1396527628
1740982957
1713733884
38078584
2068947487
728533421
2014761904
1555121977
2057115827
1929416156
1318057791
110924896
1296310230
230074208
497594368
186579963
180054238
462097635
615180838
481449051
913609338
1093175768
1327445977
751258404
1554703699
894275293
1273288434
1771893124
1765208414
74360377
1910642771
1831836032
1639085505
1276407428
2139988705
659486314
925015391
1844665702
2078190624
817402479
1819621890
1830661239
465166441
882035532
1325287460
1779692102
1213355210
1106618401
1466803546
1124010358
1825668218
1534196318
1762231134
1009125378
1502526455
1272732634
553173431
601696416
1489949630
623426562
548468743
148285507
1712127143
687623726
2144246513
1477228987
819146714
1978059535
794445220
1485558136
616871025
85006149
291820041
693545836
1230351532
1371439373
613714309
1284607246
1985739979
1197401880
374888555
959997306
449938828
390281846
345673217
1912311221
1181043777
963308977
932926253
781781775
611895949
729285367
112435645
826561953
1367359419
1589676911
163849808
26002678
370179514
97487276
832575203
1372775622
1657949113
2006206783
1920641020
98505694
1706760283
1109286246
1289644653
1689251611
351032727
825596131
916487109
1396517524
1779857456
1501589736
1781928793
701733592
802305227
341859630
1316066794
1274630220
1488073906
1649600293
1804925427
664061623
1601772580
1386166854
662300306
1233144537
612588630
981673860
1038915344
870504501
867298059
688893409
987573519
1606013168
664443339
1184119324
173783887
454234578
605316803
670625671
1359868700
917308521
1191297336
2061200375
194117208
1613394252
807426985
1271306454
1924182049
736228477
1464190337
865418066
637130270
1185748456
627680886
1964512696
1627919467
1125722120
1943147905
1939049435
1171674654
1847340713
457450874
1924521134
2129099894
1746022344
987914575
2019959538
1596036768
1131114646
1292145120
2036166408
1439206437
557465755
1936705403
771648488
932758515
1826034936
696991983
309666090
1497428485
356242885
169765455
1794081858
1677907378
413360025
812502341
1004055241
901075600
730356519
231763216
25923574
375320066
1064217861
179611675
672104235
1439062885
437575560
1680038203
423581100
55009491
1994328268
918655621
1197337962
1553268370
1621282512
1371335626
1856840446
1098277661
1637108670
479461041
2135034033
429577676
68006983
703351407
136837303
385442338
493339181
1900042533
923621501
1970515379
1379337434
79995093
525336344
742392496
1226988078
1980709378
627855580
93665553
289993046
980821476
2008105486
366200925
1458723287
1499037253
332174001
1469180953
992559275
373983483
358987132
304440523
1628020098
1289111810
431158253
455344041
1209348649
994690869
1172013431
964472547
434986504
1185934505
590499799
484285578
293562309
271345831
805344901
850936347
975208199
1481948227
1792286533
33238700
6871125
937436573
674531804
1210697138
2029085980
261670068
1751374048
1752490093
143509967
528741346
1333901737
1954274289
777278505
1952280056
321788260
1963736529
1675613070
39877622
348043590
808368489
802379151
1720976487
929338332
1941110728
400943245
1879176791
22611329
1826120760
1388095092
1712335346
58182122
2101870444
146500009
1614311611
1386873051
1140169542
970501631
658452325
1532464124
407327042
998719458
878934866
1003960262
1807246722
890272662
1165579685
1823162776
11176054
1818492570
755908102
1264512230
81873191
2106445094
1698821874
1882388880
769008161
1104285140
1451292091
1385295185
1229990651
16620891
778803235
2040676942
1276188804
837606517
1049418129
1415294158
194631052
985545187
800383470
811977225
832806476
465312391
1769433119
1809426969
1418668147
1239540142
2064876063
1222952717
1582957006
689568624
1938431159
1248008989
1011019666
118418224
461501661
384772087
1321777225
1137147967
409701543
1606541624
1622893143
1432777373
1791309290
388598774
1531875624
1114098143
2030496884
1987954042
354175737
1169854508
1195334113
1449657099
2104627519
1882944353
1818688798
154860773
280417719
1669142101
931401592
721983049
752285195
882177078
1871274336
1431106734
101451806
653252626
721684669
1165924373
262725877
1696533106
1674533614
834561658
510582849
272594721
1019497563
845134950
2029529741
942550282
995159990
2033169569
1603476480
1532082751
649490132
23329029
572906960
1517684246
1979152162
1611435631
2096474180
204499822
1910944709
1642671566
857463651
1570501903
1776586578
1606016093
128694334
1209646639
1632966439
648778989
128853207
188717329
1028291172
1920791643
1405453485
123682248
451821193
1199831842
790777829
573727514
930800558
855447049
1125233430
677135232
733565529
555532285
1702502833
565653577
579931391
224407289
1907254540
1273820381
837795610
1605279265
1019105801
146992159
1589404643
254011119
24440679
669960684
961797805
854997892
1462138533
1431780033
63995614
99873824
1978481038
611556217
733710730
515080621
1905989222
439364403
2103411373
81704822
991282351
611334482
560173061
1948499445
279897240
790491550
1900277642
308879561
233659139
1255114887
1514216331
1040681414
1758209074
1384360330
2015286887
824367911
239822605
1626548653
992344036
702905054
351482642
143925284
988771887
662421772
1177809625
1003136790
1328333936
1046125453
1577532739
520463993
1753825545
1656461482
1802784575
415902489
125963628
2003413746
927340600
2048256952
692930966
203233314
217408286
1814675024
1094667564
786048321
724059664
836165492
1059854384
1714237897
1037083299
2113277396
2058147168
131601407
1048977618
215849951
1536485419
1269803108
617918082
2073803139
383754321
1780852292
1316957616
260855824
1687637270
812247915
533109561
1337338426
407374370
1917817079
541104197
626025021
1713127416
1330985801
1716314193
571142171
1483108881
427112213
1080546776
1531781633
1136366741
1087968665
1225846686
1438296264
1954202549
945134059
1784574105
973939351
1800591015
114223466
1313109116
869297573
1822681151
1852969302
2125200097
99755292
1210224423
858788732
89602834
746113561
1283727291
1597492234
299575923
205339344
165081475
695149185
2018164624
961100237
572473934
608245704
1412373439
614983509
2055270631
429744988
565208434
1864445675
155707767
1155494309
2097528091
900156142
438615415
933082468
1124030140
911056991
663781711
2017418825
56910346
1402098881
102934928
1472571041
1603210045
1807228953
508903883
1888946733
1070300791
17038613
1449096972
91084814
2099476430
1577744713
907284470
1794159068
437160440
686983060
296815740
1460840917
462939538
768595617
1474774841
1078055474
546114317
555011466
649368173
918957973
433418549
264007830
1335388821
966795423
1422510687
1565429795
1976760486
215248031
1994535471
1281672095
1247788517
1921338213
469577219
2063389360
1826153318
899340340
175507968
416108148
335922975
556958165
417316023
1830501602
2082930856
1790192072
1898060659
123459663
901494673
778355862
1049217313
1482392845
1226818911
1253666114
2092427741
1490239278
1335868709
447413726
719668501
409461350
1897370300
1912168249
37560412
1629670926
1333935007
1221517750
1238285517
1974044485
1940669285
564597048
1532559642
66198321
86044123
1642174009
1755478576
1158423395
1929978045
1109448186
1640529032
15887961
95219473
681386965
1016254477
22507037
1681670177
537949614
268824741
1612623626
1443933203
921415048
1824820575
1742190766
157435942
457550387
1257345079
1244846795
1829420171
1233482019
1942919304
1076791416
588094942
424403805
619147791
2042889061
1272095807
1790349194
584692375
960772411
770570770
1826378542
726681671
897701154
765230159
2122161394
993878660
728999772
1029531270
107823645
72990596
1816831246
602965107
1733556513
1914112113
438886943
320316217
692038482
1260619317
400230201
1600887871
873525169
1140332776
2102126061
2013328292
191635687
894303188
2063723763
1646109792
75014221
1164476449
753950351
293688312
915404840
494372898
610421518
1784334301
321367794
395980090
1071870320
2056853090
836484563
315988588
1458260000
175418713
413973551
1464518015
1204850654
1198778441
1969484377
112611530
357561021
460361805
79734117
1047560097
332812616
1306476428
1639255578
492291932
233275328
107954768
1471057158
1206855424
75781505
346632133
1976290732
136449933
142545027
1109136464
924625625
1865565924
39530235
663529354
1085457941
602984274
1069941025
1461168088
780592180
606698941
1376212237
1022367144
321274124
1589217385
1008582331
1207150666
1692150848
1053030504
1336942125
509310568
1086284091
612075420
1438000559
1458859044
1842326585
598218090
215204406
472565965
1330089599
1141275645
2013226978
1433239101
1049539499
1719939124
1648977059
10611665
1173695014
1623504425
412777207
1848512262
850161845
83203167
1109534417
1982260141
1702005551
525733767
269553302
907169226
1999925321
1470273775
1933722176
671581967
1823490701
1198029192
582879909
997108208
519366249
231007122
1655384786
214930531
765699940
366687462
208639377
1319762998
338804331
1912656864
1552922891
1154756364
405973834
1859760359
1231790726
1408997365
286356278
1443305114
1231772750
1194968233
145618567
138089112
597690290
400704609
1093971842
1427988716
2037732646
995711571
307907668
18048019
988224646
1569267144
738833948
608916396
451475322
1409958363
766129951
738421692
1399447540
804216528
143430175
1636337306
767292630
1307916046
619248837
376712061
759735985
1682444730
541396795
1105771424
561753769
1370875122
1362614998
260769807
80957812
900114851
1886616049
560151058
1210749057
1848627976
886999765
507746355
448400181
1873642431
1165830100
1299337708
1796633168
656128649
1058016885
1992039410
1203736430
1066619038
499763145
1852311320
348193450
796017579
140821468
325164002
664139869
2020894058
912423495
838132903
219363588
1459170011
510312931
524857441
1387205952
1636103460
1019457944
1274935317
322228214
1977077250
2144173139
1537208537
1860782230
39399915
1047714326
159315079
310429561
951591362
968208425
449383165
320990820
1394103862
269011566
198540813
1714417450
463015608
706910162
1346732552
299256429
1007654423
176290783
1366465762
963803268
555169465
1109223279
222565890
991690361
1773795448
650480251
1938774185
802263337
1737564694
1036521746
238801660
106563726
670177375
745799013
1998683055
1137837338
623629530
661147903
1050789968
1481328953
950193707
1513019153
971865645
804317433
1331481608
498074091
1281779684
1106481606
1877721302
581561735
1664260485
1077103694
1111384799
1017362752
226987365
558905987
1229905714
1391954592
1376650114
413266879
529768472
866167638
379858318
2091729153
656130350
866145350
1246908826
1328159573
1426090788
35837883
1914613088
1168633426
2129522961
2000157880
456131629
763117757
1151019376
135036268
1811603817
1762133324
1538464955
239057603
699152836
161609092
1788658594
223336217
1598338303
750287043
1464741608
1095207433
729975380
1646508378
244585179
536616804
1584167300
1565043154
2072793198
1063203646
1974405755
1287117904
371308020
651091234
1889918369
813641235
1539363195
537402469
209548991
1284729113
1793150659
1233811352
1928760460
178724321
771554010
754508055
563775188
1335236428
348464981
1467159230
1950446916
6351517
880330540
555987643
1598318804
1604994463
768163635
527610751
540785105
2128592102
1700889649
1737523407
1180132486
131202093
729989279
1015393271
2111325830
2023512799
1893948414
1169942813
2140382873
41547441
649125333
741363635
1784090945
1285985900
182634054
1112272902
1327051751
13350600
1217664588
467595252
1388642471
1524515700
930800020
34308282
1538720949
953654835
1500570612
892411883
978942826
1467790880
1190507660
1111340413
843728879
1787826450
323145848
1347502334
482254725
1954007322
798185263
142206948
1477103214
833527849
1464136315
1452889857
804331899
1600613327
152372245
358713621
1564581427
1153186590
882168540
1189487742
1912918941
1589033133
396431794
547406346
881241515
798321336
1372895731
941199085
1270535491
151622501
288674707
1640684494
423806698
702780193
1129473235
1701661435
1635150351
635424553
444162976
1791193021
181572338
1612987941
584524424
1129763015
1891465519
1050598638
1567642457
1569021896
1346882795
1610050928
1575377240
1390254112
1360114842
1128989099
369968411
272144047
459644266
1452143828
584020996
1684315336
1536125007
1717114008
2121362778
1067946052
940907948
1915804800
479737605
973613747
492761499
1998701935
639499238
21342638
1076822745
2113588041
1231322577
2094068296
1302715985
178219694
1964141864
991377827
169308483
956070116
648044565
1058890910
138720273
775903187
1701561187
15495340
2068379558
2015701033
835829498
1371690944
1263427459
816823198
1538893813
1400897892
244036199
1416112466
1419131490
8647401
633752475
1085474386
2011067541
1596625081
943036119
2092459065
1039306281
1571283656
1792155860
975296499
1039082644
2096885289
1634788975
1033038493
1790465894
461493693
355216503
1969518216
271068702
1646990342
1982188051
1844548189
845627817
234569753
1396928467
1305267290
548160376
384692146
2009339217
866031546
361667644
1295476834
1964398467
1465511475
1130495041
2129261027
835334561
1996638105
1179932516
362068876
695540397
1687038368
1575315123
1921935071
193343908
1755558334
1936091551
1751935296
553173567
153131823
488800480
566859457
86903910
682976018
1094425830
470894616
1234950194
913525937
365795831
900312498
889979037
1931945950
354993129
2024735200
1719779017
1658248056
110009214
1738173488
337387497
685102605
1634686807
852133847
1276751824
1690609305
408173207
168861513
404226580
680664941
17464085
189058795
23749599
1196983595
853807421
1200906464
2072879186
685206510
1704946564
400610304
1945330069
1567818886
1230806917
708517863
725506175
623623137
1637241533
913172521
1278276831
1024274053
1677604064
1321365667
446896229
2017563193
872449493
1876378861
1164955184
342284228
573555029
2073863403
1074966773
1712645837
730933787
393865347
876431816
1993897441
2035584713
761277545
732385675
660349075
965558871
1044494869
593583856
1328643518
312992312
120241366
312486700
2043025382
624436235
539948544
535770938
430721469
1542685946
1990804033
1134312392
1318985921
1004623027
100983314
1905880514
1604356098
613824001
1083545417
1185628538
1804541186
1498992390
738380235
353826417
725430453
2045707031
328926558
1859245509
794728103
2016325684
430457500
1527098678
1236468797
1675790882
749899011
1497215190
781771283
549670183
1973794858
240618829
911774085
600777314
153613838
1090983110
38225993
164409284
1144668299
2046267514
1903215673
769977775
395880422
754737367
1827223855
211188777
627030151
234042956
1365048074
1047974333
1381845444
1335151796
1745454541
853622254
323364824
1091941212
220440038
712595801
720317170
2009549747
1055433355
468065638
1354722666
478267533
1398041664
1543798186
788165390
740464659
282390902
1101266141
710685595
595018315
947051341
1364023155
1424890439
2015585856
1877611642
1195048409
1679502459
34676686
607165508
1848424525
1727703454
375767052
1326466984
1824222810
682333709
443114070
618672797
2112334831
277922599
2028898293
339002226
208477723
241436292
674202734
883507795
1687085416
596668997
996811876
1775511274
557063121
1227784326
1197381930
69688865
887749728
1064977392
1239241449
1427106310
1163385448
1741344620
861934442
1245470152
696503900
504571634
2028282753
598202334
1553055307
99101567
277361943
1761557575
1561098233
1712067621
1933777874
2001768684
870847131
733423164
41494115
1808825889
266760750
90078902
991068779
167777610
1299867252
649387664
916043019
2059214746
1314094988
976129125
195285511
1089033975
1308906029
2123398429
1651293078
1534659322
1683391871
438572482
731600072
1107285010
360424598
1143732339
37105812
2019169992
973032843
357265009
898623357
33306909
1942943801
1473847639
1694162401
702319631
1953836689
581891430
134669534
653986618
644460699
1729361662
1200078817
660223132
230006281
2046455081
1816803532
636377713
1522687865
1226523474
1758334147
264040765
2124130632
1989745683
372611988
792427496
1440256525
216563500
511763393
1796593667
342185657
2111812751
1706554666
1358810152
405210697
2049441431
25273435
1512168064
478932773
49481049
1298524272
730298719
1630488601
2045928723
1313336737
1625617417
929312493
138179010
1880786542
785995160
1432598178
1395155407
236078440
1436868597
1536909132
1197289961
1782786457
367702276
1020588423
1634841582
172779409
2108446684
1648777111
1974557442
1377007886
918174771
1487384096
1828746947
1815625031
1163909593
1423402622
1821618067
1149146069
1145107035
687338690
207205908
1065778239
1229780680
737157962
1370699698
1400005664
1233128336
745457148
8669785
1462496759
301803655
933504799
887857480
1550981771
1929574153
644818901
1193213181
1348493049
1953837112
123842105
1982949456
894226779
776887649
1348442897
754906268
542389783
2104097917
1498751280
658687768
927815617
1020603091
104134763
2132240707
1036628910
626268091
1589413429
32403070
2145395990
304914813
2114172378
244031667
274651365
1202363991
2084559445
1960904243
1078752286
861434781
1845269454
401355422
1542780652
2007940347
453202611
906654971
750618183
1328014806
735687281
1019253992
1598219839
1364244177
550012367
986444011
91819753
1841101164
1281429223
563998694
1363076579
1289188294
991132867
1799346089
1405077124
1601609347
423717008
1781283490
1370301093
1746114248
1390980225
1594642095
1182082567
26668643
1462668867
932880148
1035986527
671554568
1012455192
1867623304
558582277
18771383
1304564627
2099521130
710307637
168460089
112186607
1785046033
1808793087
2054510280
1313173003
1902488896
168259281
1939368398
935020038
992757433
2086137759
781970374
371882611
442900456
1036267948
201910591
910043961
1593817792
493160952
79352063
1570204170
1834090148
2072079942
732245316
893806462
305645691
1657075913
822898470
705370059
973810150
385006698
798805528
330901795
746727822
1313133497
540564877
415155626
500037270
1292219501
176528055
1493908243
995926320
578220441
811193450
1141522902
2135722571
996783726
1429139231
1102724624
35773546
883418023
1326065429
716141558
566329232
705780117
1941017234
733727223
607787607
901748935
1172850248
395465326
731566625
1027244885
382016978
616003329
1595972709
1147906249
1429621341
1946304409
276697899
187311787
2038688100
1635831550
1594810003
697288616
910558611
777637645
629597583
1768467294
937853901
2145789593
1648269232
1654218951
1032691273
1918497500
1103151646
300678463
2053091287
562650776
198410658
334715443
375206209
1480954063
738001885
20726632
1998711500
806849819
2023614876
678887397
2018409438
1801617323
977681475
591413119
1907849913
1892978394
1560741989
1096226559
1084722789
2015685741
1850855286
217994481
1840645292
1997504617
748167832
748820748
134841919
1978279823
91281553
507459641
964078327
45424502
145584350
1595447106
518279221
398973507
1637963233
1990149656
1239135082
1775571974
1963315253
1756677569
1363702450
462726068
1686150434
775652060
407680411
1368334781
369113644
165686994
1825562629
1307516490
1275074502
986136987
1345474849
880623893
91751716
1911852586
1098305691
1839746276
1541228334
1450668918
425356244
38772899
407956624
1178915878
945661256
546730013
503189742
516988633
818804751
99585623
1071898933
1535856911
562876799
125125513
1190286093
1980006071
1237402350
891177146
127770986
171575381
66309525
773366518
1392230466
2049722831
1550305936
371505199
138418521
952773589
150737153
416716718
991757367
575447532
412392533
97062964
123177788
499629845
254350495
128830897
819015626
1102064414
640695072
1499420832
1519681440
1442210436
90070248
860713213
573336903
1455803139
900533653
510254820
198933924
965494461
1787071546
1203991240
1598487726
592416770
516117596
316575564
603687738
1579173826
728136982
875968193
351500275
407847052
1809688668
1590048317
1864136037
1770532930
448750684
246327380
1877040952
549294684
884932864
428517750
2132140153
1149510869
1704131472
1184348133
510455060
1253640629
319505013
988338512
620765278
1521760060
805876504
808992785
243086031
930709672
1199264745
1092340224
342874317
1744118180
1965223036
386683634
804355235
385177165
1453702605
326464722
1609393552
1507928545
1439382692
2088955737
859766268
1153779206
2019872788
2050658669
2136541894
114437301
969717277
1950686740
788514232
1618208449
755191921
1781942035
369945884
1784795400
2138389332
785086247
1314126440
1946538548
662220956
1545258463
934138388
973398830
1958140120
916918036
622222988
1747416097
2082327693
1969473542
2008787009
2063521830
1992435611
746769429
100998362
638419345
660811967
1779432217
554882953
1300920535
1530050354
1770136414
975166584
1538594843
137488494
874926399
128932193
1605678420
805732368
1598176861
1067195709
1607501083
1438634969
127679101
2267412
1829150742
1840864718
1348634620
1106303987
793621757
1757447808
1188152815
625810428
1455132998
1761448294
337224155
1268416151
1862486641
1677438310
762882829
906817991
987787762
665471858
50053528
1163397271
1085365686
1618083151
1834695401
2041703602
2136551251
916012657
1790408200
767727378
321053649
1029286147
303577453
1126736337
141121039
1011628291
2049823869
255862043
1641856468
341532553
780705440
1475162437
1224529267
1179895847
2129333759
426940406
426209306
379114092
405028831
821483139
93186743
898621827
144993429
1717834585
165708166
1059439609
1247437093
1089290387
19215420
931370396
385923195
1523684780
2048950985
1404870014
1970482757
605598286
1586556110
1762970137
1502610795
1008000073
174243227
479694220
976165932
1537075871
1183862499
288422916
1098377174
89034684
637242367
276246070
620311074
1991693507
1582309339
1475349000
804852266
949073923
1212831617
1778365263
555825927
1371078792
1211458368
2028865203
1821596171
1609660622
1370767480
934650031
1446174360
1541071505
1267938821
766841525
1093477787
762451392
370437446
2013464686
790536873
566811791
1451807177
1865432863
574832820
670973611
783221141
919490855
747230313
742067593
1474607123
859862949
616962602
379691992
1850981785
1783333942
423254435
383576597
1837761940
1974236380
854157579
1651102268
519914834
2026972154
1093888505
485989532
376761706
700757628
1959475680
1919834052
1826230216
1637452307
1773678633
913321369
2115722329
607421854
964125675
346107785
323747407
1987693988
2047431498
1087009754
294044689
580452094
1483499113
1495823900
84646851
1823945106
173172749
352439485
1562644077
1352082745
57060815
1562535355
1631323082
1195645634
1742490109
1411947636
887535792
139066128
1406615823
1557437081
333214230
1020104286
188308673
568301121
1593579207
234988963
118150865
73899802
10779042
1075984401
2126558551
1960168634
1676394123
762091191
1470517948
1500495891
200795122
966522950
1229794136
446859781
1168251646
1751367408
851290796
1050945806
1044330581
1280637548
450187833
90828828
830613386
1437779990
711603195
2118469763
445770532
839996212
907106949
1994219786
1211847495
1616205652
2137348282
1993571360
306132226
1290151633
1677974309
491302700
1354796084
1304582004
1724691702
2027357442
1130533403
96950070
601522842
1014830449
442331771
1274956579
1356110837
463094777
1766910311
1799666267
1127985215
92993434
1954984879
1179494195
1758332280
1238842823
306928614
1138743416
414578057
1297836666
2040696334
1635792083
1317331705
108619617
1317321698
1803760200
1000767304
1666876470
1957067712
1190034393
614194412
1823783468
556182578
1539575623
1250649829
1585673349
1745290776
1331836152
2133489663
903024704
77817715
716690420
441904036
1346331888
790020304
759350281
25338459
439929000
1346449231
474341391
116954081
1772626195
1502702926
1736358470
295872738
843166624
1030513591
369030363
250689108
1088390874
1001407972
1288396938
1937282161
246892245
805126698
1570972509
1768352591
156024516
1002729737
15944082
1572597533
398530984
1027493102
111100570
1607329276
984628259
687119522
1678568510
767750519
1548790123
975198803
1391128028
1641756065
1344243034
1566228797
1435649488
1196955594
1529439649
1504267253
265292526
202796765
2031731741
408882514
997360683
1765089113
1908802626
424308216
524605531
788479210
1275469236
1556936834
1062647828
1315466147
75242996
1634434635
1788969906
1314642651
1116525367
817856218
1651674996
1485427617
509547091
1561811944
1805273028
233141469
89926098
1679918094
1515853716
910415620
914568233
475487759
1283920612
304574839
1309285122
2099207872
527796064
89537401
2070035894
426398608
1495381285
33989323
1793314007
411470776
801903012
1322717670
2084703464
832842240
352556703
252010452
966513200
1857063210
1191100241
1880564652
1134471075
258161920
1296823723
939099560
988295937
1144379893
778850744
170837989
1958250491
1663585658
1593290017
1535729846
843136143
1480995040
1318530253
1842880676
1099444341
511582437
865305248
627342854
437393841
1629668317
1426475365
685490233
360187977
738052222
571604166
1791845501
231486225
1507313480
268054392
1576318572
476413858
1549570191
1907212659
682178072
678319977
1257378087
326039647
1739654591
1552579547
1896912810
820083723
116013357
925936582
1385030760
1359239446
1920172207
1829768131
1371082220
1788758960
181029295
86401992
2126242855
109360251
962334449
1781228506
303504444
637323
2062168681
1841709535
265891559
1155806604
1702582966
583410321
2063889291
221001475
1711992383
1365958543
1863819734
1404105133
911664617
450026638
1232372755
1125721091
1052103026
2012986796
269698059
1527583455
375555949
1619980517
1261264025
171531576
331913946
1662000286
317839817
141298185
229920865
1511171423
1770336684
193024593
393899307
167550110
1328127931
1349241139
685234526
464554678
252808421
1870373949
1678684211
2002560503
1974218296
37946821
1631975349
113584342
634725416
909200239
1057675799
1086888261
869434494
392004300
1621482162
1672999710
806967519
51922461
23339163
1451870136
789003255
64971573
396136670
1628341404
918576963
340905596
1153045081
842871634
1405870969
1256752144
344978742
1553146964
1954352532
1554061573
55777286
2021005092
1230406271
999349965
1315046519
447713657
1174229853
1537448627
2049957298
848377749
1705264243
28767105
852073043
322770866
2075416755
1475598146
1378526214
1527380634
1014909926
534330146
932026042
1110109014
848381301
184530801
1589082501
264390654
1452125651
1968415174
1904700180
1971047856
1435480202
511403840
511335373
1523462555
1144755425
645531880
1274154883
1631320379
1521399591
259636274
461914325
594830239
448433312
304664995
1714053156
1429231077
846969865
592651148
1321732142
2117360840
2016801992
2055499508
1571152460
1193276752
972934837
379852948
1133007940
1002663592
1858378879
616628219
1568993740
2142820108
1265547964
248259282
1711229852
1141999073
744195473
1978331706
885347886
389084382
1255063290
443964497
688472597
2072427112
1620955063
2026482644
1874477047
300193532
1073736916
903118814
85674537
634038214
1074187219
1125465551
17739237
1414721614
951463799
1398112072
1006546474
1921420626
378222384
1582833234
1782004273
1358561966
1227422494
1505796510
1250578823
498284151
577674947
720759527
181948364
1102236456
320054346
1555966324
53410310
1310960372
1789520494
703607481
1246087074
1900983866
1060200201
217482013
1909162249
572368663
1927286842
874662103
769715675
290937877
1308747313
2031155953
1658711243
586210304
293466010
1674387055
582610711
1391559897
289655459
955972489
902197666
631109604
1128420524
1466705171
1215933871
2030335196
3238538
16831486
57760572
1874753095
571155320
2062301431
1731788537
1558610148
1831702683
1650525741
408739300
1291728960
593799985
779981616
1770672258
1710221928
1814870869
723721461
1250938811
446162104
1979195761
1884931062
932885843
1064633298
1976044608
1729825398
1370900993
728043691
999703934
553039074
669997870
667458751
59170607
2015497811
2033791563
1211314020
2017143689
255832880
1709467599
101168700
109840768
330179569
1237691340
1965968069
1560817644
881689086
766656045
193953547
846446936
806418613
559509646
240288636
416354921
1714844811
291384248
18782172
584002793
197618249
512299703
972380495
242825583
1152356472
563838362
2126684052
1649056173
2103610584
1163208135
563592017
1006509398
1448589321
1363279352
819136392
1328241578
582170957
1501777878
1448206377
1001118623
103144549
966711600
1935290306
1098011821
1375806359
336610008
1061807698
463008310
747845585
159705882
2020461371
865084305
1614182632
384802266
1841708117
1311122098
1530564601
1621193801
1561824287
2134375287
1661535728
1408153156
864866576
819953041
1506115623
607795017
59709451
75375373
239723814
19876118
1566575602
364615038
484494217
2048523744
1084638290
1242504137
665105663
793711661
2089454908
1565907597
2115024750
168855118
1701354035
1374449965
1278694964
586241917
931837505
123805051
492727689
1846204559
1829708580
2126262274
1737175552
889142869
722401702
690961136
469198380
1416168341
445218058
2052588958
1134102623
848572576
2039739298
2026565310
1224202894
1205224080
402470526
384370464
94389840
2133527584
1091914302
230739745
1740193541
1401457192
901542665
545071280
1002103828
423708083
1264735638
525627390
1763558732
1382841790
894752615
94579906
1396099948
323285648
1858572310
1652469286
1198646974
593677489
544718280
574272337
1742587358
407026056
970837694
951198354
782038680
1012135828
43823626
1346654501
1484059375
761834567
779108702
587382182
947502138
696221050
2002728448
790611727
1826408042
252905617
2089433817
1676511855
1196430694
1846243629
1589169581
1380233514
509251223
1236787591
1608368486
1688050151
1854447743
1987671664
727208841
1025697306
984908420
78033122
1993598666
1361778221
1674800843
1564878657
645371066
980909645
652826688
1580257332
599255198
1911651792
555400881
630710555
800077148
973308734
1986814746
913300012
1166940303
247072515
834321916
1199700525
1852890297
1882277551
1609513446
1467937744
1464306840
588720871
462902293
1963024038
500410769
2010472940
1356981559
261881281
1227069257
1508792517
1858663500
1584895467
313978451
785931532
2096272805
189115772
825231363
684511571
1153005583
1896427484
1461269857
1932918321
1190519305
185306774
1022964538
2051320300
1504313648
283417108
886672720
1180647620
1153469884
1919216637
530236081
556726234
1908073507
756440360
1293753637
833352892
1738266331
579051835
209866176
1297097614
1689164349
976208356
1622868120
254346710
2132626565
498586548
676641169
1820025827
2042674166
614784659
959409236
380660443
1548430618
228168676
914841950
1240621408
789185319
593955894
817306164
1071103198
1326861437
2009949859
727582389
1482555764
503993676
2128659401
726924680
769816189
273842771
853063266
790530483
1633507770
1762776515
1612178307
1771847501
1938086686
1719050306
102444142
141257036
1481100085
2070020107
257645587
2035581560
149194289
1938616370
1302458922
1356204929
1147094418
1744816645
830555622
653684779
1323541105
517814927
2083117654
1205456295
558871146
1498402358
240803421
912559102
1868810532
1962497156
1799713356
227597478
863537279
1303739906
983559449
1345081399
1389201752
620049984
322698047
127128887
538806011
1267620850
591466801
2077725201
1070176038
1907595573
30821244
798305317
540776630
1224883695
1872000632
787361273
179872497
38805075
955160490
208232076
1600053103
977377156
2073260729
1802042315
2132203685
1959787601
54010891
458025501
108455695
317377567
1256426236
527895321
1704462074
1919038948
1196678587
2019102039
356909291
91195727
1226006720
1939220324
912879279
1150834694
1860623341
574115791
61392640
1836263687
1930430273
1931453536
665205201
253804591
419940659
1179374185
781371191
406526937
561496241
2123002420
1554750195
1504406175
83375284
395470747
1396528800
141187900
453976959
1036220855
60396662
29509778
1807666037
1271034800
1302695096
1616962502
1513990037
1411203252
720201664
2088640137
1557625235
1999082755
1981179557
1354250098
135699348
1719129638
163753094
69266055
600732549
552932415
1411125878
1047914459
454263320
392300156
1508380676
1707004497
1111172956
249437350
1809670757
1319970942
1195693815
1947523030
999603264
524196269
590353923
1877261382
762865686
594045180
22953091
1749700165
1730897740
1578803363
1523881089
997239876
77543383
1473509205
1034096837
772831246
840436355
862677439
108885299
1256120597
827446240
801286701
1331194562
1373225447
544555465
2045028428
926521621
1759175360
1899118482
2026214154
1560379319
1244369720
1707496141
1989007001
979855608
1257434397
328186553
1227864211
1095463006
1298936411
1404230729
757027896
294139594
653776920
1491477708
461297874
1747811881
2138108125
1179725117
890047545
2082899667
1457113070
2033092649
985805683
1130539139
1133354938
573326393
342336371
474235123
1121101165
1526582619
246963202
1359065620
1996901283
1892841105
1105014459
2003159527
315579960
1745786454
343741488
1654164987
316948795
358203304
1866625323
1676608643
1965616385
41107895
851455503
1523594515
860838229
1927723048
573416028
1411857143
433990093
1749882374
513701457
1933435696
1168936248
870528326
1749793963
1708716044
1453285939
1384486133
810919564
1269218401
635622107
691113984
557405047
656578662
1092401564
1302787744
1428971384
127588909
1044857128
1967756384
1741156704
514669505
1781027204
848350412
1040657198
384614616
1288797244
1741428920
414776970
1461583413
1163737527
1063636522
4425578
1898593437
1129933221
314195173
1293364951
1933021555
773597332
531614098
412219338
198944498
1337928866
991777165
1517778992
700485127
1674509133
894878026
497557517
653169609
1946053222
1401710435
193630397
1977857174
1149500965
715664959
1925441109
844162763
894293589
798787168
1200092455
1247745823
2115108016
1078684488
1880661348
190927005
1284245061
334007561
1192982236
729229884
1662392853
1755334760
1096759010
544879644
1767542462
788379565
1100894795
1027784287
171733327
346342922
685931925
746320802
73951034
1679413157
763677987
293921047
1533312359
488568900
1736464294
870032960
1821152869
558367380
1124687000
1374266954
793921979
1835536918
1077481698
945501444
762455645
1057579431
1748915102
1226496378
733833786
64329898
1745202422
942661682
632709362
542509268
164567339
1187092226
246332325
2120072851
818823602
16526476
494556135
1986260508
601482873
1747570008
691923919
1085531920
1618565447
648165516
1837669679
742414538
1651182913
1893508682
1524615646
1270501703
1798134920
160659878
1246789424
317259955
1229112832
338090051
1939234439
482732940
838665516
1206051209
219626755
1865536885
1051625013
1512038277
2087963733
1573998233
1968691210
939420508
1625341617
124022202
626974368
677846893
50395105
1448861909
1555539802
596971779
129006967
1059462772
1698881925
1751903155
624490523
1733435792
1260657914
1691232344
2145630210
886159904
1536299238
1253407145
1089097343
1794907202
843402407
1201088628
679866035
739375109
642634956
1077918073
1382999905
344916945
870207039
611112678
513845212
1579778932
530807167
1889671018
1003217441
1637807561
598269957
296017143
1822915585
150319879
565687752
894772505
1584013687
1515054499
1638600924
1138541806
1212246552
1247340515
1401207094
2014063297
649634728
1001697281
255849098
1171480391
30438344
2119800056
1267974741
1001889909
1646895821
983782893
1328305143
328306684
1949860269
1927474749
1165704440
358977379
1964735763
1400201247
322470763
1550287807
847679378
1421098998
2066376815
1809111824
1197368565
374827574
1877481682
987974971
1681465525
1034677744
1798014417
2049995424
52943236
234542587
151570427
293988951
940243974
1161501377
1898286643
1275554316
191162015
1096066723
1743862484
1855697268
272707687
1617884938
369520879
909572971
1534864698
1738834955
1852371887
1631397548
178086125
1067235510
1633606110
840658988
1404089243
815851004
525481856
85801235
1228232989
744307258
1033404317
1979511384
1249279383
21325670
542048285
980019191
1754327343
858079701
751827403
793593298
338291929
945832358
632944252
44322850
1519323726
543649999
473636681
1626040728
263907612
1956376514
1819047159
1391796500
1823689430
164420283
405073016
423764225
670879851
1885469097
2062193035
1478654539
329024148
1085359286
2057826686
2041996542
510406503
1452533621
497954835
669790332
746966793
598740135
1802520705
1652211034
1566261632
1974951082
1886002321
791902937
1087559591
1370404991
653136873
58491388
2090219834
1842502518
1212034406
1408436298
1992841745
1098001784
125928610
348128290
347099242
1607774193
2029350293
1034714294
1035075167
896241496
860448855
237019046
1917493366
1141605212
965168899
110122553
1792439127
1812580268
492650424
1611248698
868598424
1606162275
1513415865
994392685
1740296885
1232909583
962321588
1818068653
1492072475
1487055197
280700192
114535331
1096174947
142017122
1415022783
1348405797
1297848988
531791240
1429419075
870000168
1526144961
1142662675
2118693645
1980993891
2067698762
1528042063
609859088
1272292739
1052364254
1709443416
1263544020
1563518980
2108792869
436108165
2048272535
281973171
9676732
787208050
1949419918
424694717
377131586
1940448681
2033927753
1435636850
1745982863
883913965
26272052
615579036
478341125
1026638114
2073653305
1408882294
403450878
1038753500
899080835
1552958283
760275044
1089803650
798761054
278668461
850528352
1960882719
1405994810
1167814734
83057707
1417247941
1993040847
516062590
57242880
1627789982
924249178
347758401
2096203314
1352615568
1789549829
791447052
120214873
176581260
1506244708
1778680604
1408189352
1249919860
1133235739
1069836147
1058101850
249928102
202590622
827709553
81226827
2045949994
1461037841
34182155
269319843
1182723188
286223438
899202730
494717613
2102393046
38581252
563541154
229165766
1733428101
984946940
561625421
834856048
549137477
354490231
2076802500
1829593478
1378521780
1634613940
1775900985
964659850
2042967857
999627918
355216628
8901658
1808777319
1003781441
1945538024
1550201218
116051833
1790367053
686714353
48741994
210250956
661382003
852926125
1752043952
352958315
96852188
306833396
624929617
752853275
1665262937
1966738421
1816399744
1938432252
1107166661
123515630
1084571865
121333465
293213831
785979527
813263791
2056861964
1168133172
681374924
1085453441
1785349905
217142353
762100422
255867788
359783077
418545718
1202382517
1386907514
1912418714
1010859021
1670624747
1940302136
1699768890
1041183738
2078687815
540969701
1171622998
193440085
1095342925
375520230
676255978
645831186
583800543
1545284630
1660299886
445316162
1933882266
1599760411
1510330299
1135701938
1170343632
695732436
1145301912
1959389105
1479528477
675850222
40895201
429321968
244575400
1863240598
176358227
1431963522
72680440
1976982344
1512877302
145148162
2005461104
1895387078
2138957863
141459155
1240352105
433205285
1373516353
1993877634
999609578
471338498
14871272
1888804425
1844508422
304665297
620882930
354335661
919282899
1086443605
67466737
231772742
1992907010
1567860268
1866341217
958842527
1725442080
295546498
2085614699
551409971
1545265768
1728988134
1036191060
556350872
249936194
380129849
2060673413
621101496
1278902876
432260290
1291597111
2043733817
703615588
1669694303
1577156539
1594405118
1035454815
423940311
225372259
608798407
1378978473
1130298442
1564391440
668135668
417987209
397899721
692232537
78777959
333773680
867272194
613982549
1706215046
1863713999
902942996
378594054
256563552
1162644882
1921604737
294530914
1460309991
1919050812
1494246465
1228477439
1557720667
1970876064
332323571
1920371290
1702718152
862841657
1689868591
1368754627
1154959782
1325198887
73691126
1857261033
818078366
251556806
1199403083
604945406
1445932908
1800110829
418830811
1987899526
1550460639
802977984
1487389399
1747558338
89163262
120469555
1098951395
1169232563
1811269957
378574619
216877862
72231629
144914445
1347437298
966923650
632845882
483984393
978843431
470627550
639827655
577412844
529039136
286130334
791207279
905938984
205823437
1167258932
1174092930
22279378
1663407338
778920912
1416958578
816370593
1864279505
2083203891
376667962
1862848278
1075938809
2050616225
2073450092
1853886389
339435791
1545357301
2012938197
910073969
146907823
774956494
1564244174
1694070565
522150335
1922301671
1655037986
2145141567
315090792
1495233925
1152489111
1042170999
2002807730
10124809
1195744795
1626246077
922403260
2112425893
608076173
1796220977
1239174548
228355627
728018724
1900339788
1466449337
1338588929
1048366976
78464796
1744413226
1251785521
979518283
78570924
829004586
1827778717
1705218443
450740354
1967618451
2017403984
814428296
116659521
2081180372
465930223
108770132
993246319
695265929
922522702
1672283644
79594321
1663390645
1980955423
1565065802
61276659
1444514719
1643266501
1061177139
433164100
1391730758
416036678
1335155940
106239325
1574425729
1373411167
1357303652
1325770722
1071231928
1574997170
1986496997
391044737
1528981305
653190171
2090556589
1755452824
558450488
1492575008
1763522460
1436342003
1537556838
2102973318
512705369
1070451890
917983020
1189770752
1369678621
1556267081
1309922692
963292675
1129531675
2146453410
1626073204
1527437493
1066231691
204202589
237833257
1701404931
898148434
50030903
1639820716
1413497554
268957008
906547592
1548102979
1816350541
1794587461
230123238
802813030
123020381
358691168
1330101480
55685468
1366747447
1501941606
1464449797
1004499571
314966542
1902754940
1718633626
2046229208
1604062442
1865523345
357572362
128994072
999856529
1386275434
927717375
1760556852
606154401
1321335883
940084687
1216382042
31149503
1958162751
627284987
847358022
1877821674
227872005
404704721
2009457717
1317919465
1771354263
1065146673
1552192897
2042074339
2105724247
299631468
919483870
869552909
1219490009
710734408
403842351
671484541
275981127
1736887072
1012987654
326459934
1864518261
1899881000
260824503
1977854140
434381698
1191074767
728853783
516217407
2072470823
1048330813
626101974
1451197941
490568863
1956131068
763765366
104564744
626257715
1730664627
1662739175
1896196110
1986923105
1736686860
2065353665
1444761279
2012294312
4173495
59562013
119710914
2096140531
302621576
534877457
1756269728
1451894432
1686286012
1026924997
1438845402
1207214123
572521305
1080612662
93964053
2115469947
635292339
1205170567
1086295411
1963499209
1022138634
1917465855
960929534
2144796969
1570810449
2052565156
524748350
1094843831
300835082
1470636145
637734122
1727768159
717349196
1503392054
133639099
1736479560
547791334
576636941
201319771
1761839070
1838919070
2109783924
146087549
218766970
767260306
1793944588
71410950
549471409
1957313984
1430567661
1198962792
274395702
715927713
1656560548
1841726736
1757357164
1442086640
49549258
508404982
1286129804
1028704904
1493817922
1396889425
1918754416
484995947
1563863054
1579499885
1463074298
578642399
1297296590
452242068
863570211
1150554290
1928613079
12862761
1646884004
1497545119
1641615084
556775125
893464890
709076425
1810083740
868430296
1264738202
1516553316
1816809527
1902285185
862165233
1018087795
532241262
1263045561
1813591574
432027307
577329542
678832569
1397989199
670879863
1498123833
1417402844
18255549
762847509
1946966569
646483086
136433509
520735709
1751120385
750808676
2040701659
954503842
192797995
354677062
2012059533
645205809
1719168551
870905543
638794153
526074615
685950607
1781730709
1822337196
1847738047
1754491044
1689572364
494123913
218842264
485144723
1997779429
36896114
1375069652
1098223434
1476934411
1147432261
306495277
179298546
1044950414
1636731286
179737859
1974538504
1953504432
636343125
1604694465
1347104283
963377949
1733923100
1813743709
339734308
1285740088
1235565848
667204861
21097597
1814181009
454731665
1160893879
1277570688
1959700851
1629452311
1158870385
1032965053
401624985
1398363979
341910248
1362161879
1604779264
156150599
13483468
1673546747
536125911
1345745067
1081664519
1871148542
557933715
1929927237
972663070
603099923
715402527
1988559196
1817125296
258147622
1190359345
277909657
830432540
1437772247
1389179832
706671507
1117374272
1608695318
1216498033
1688679669
1789111388
564601175
1077941401
244864334
1137408276
1771065970
1880426941
1110738037
1563639956
337780763
1268740013
847529879
803009230
1724557049
1937435791
844215775
685501663
84727652
1610125839
1502778816
436989327
1911250112
1517697716
1359660258
256610295
1834246257
535112270
1054667942
213421629
1587298937
853345163
1071015256
885927547
1100808629
1796687018
1092807152
1605000126
1836166577
2088803655
1331764869
88345898
1033952291
1011912532
2003000143
52804923
1988017163
602729768
954764887
493409062
859766885
1994778289
752928189
106627166
691567751
1412462534
704894118
1048884274
1809837085
504375703
943529152
131590035
362610879
1560164678
72754803
482386676
2054450988
392910222
167399845
180666442
1546868262
1671054753
88639786
1182174003
2146695401
86305552
726434503
1540751667
538535753
304230628
277329377
1962316825
1541360999
1937414602
919261895
1157329024
670352655
2044870506
312681625
1297771121
233611954
139080920
422307795
1190515238
3889147
1653104163
1607090042
1914671849
765601295
445902604
551228129
1813782043
1793653094
1227219665
356826648
1147257937
1346627905
317710118
265494258
129580697
1985410247
1594954821
1524836530
1437485530
2098870208
890752028
63686737
1502303833
915042541
1775729317
1816429423
1367960920
1807045633
1975927124
493280212
353210073
1374601536
2056386473
275653025
266267008
930323635
1196157669
1470758423
945122966
1544593157
202090201
416456963
263611434
1999575550
1381775833
2108824261
1852618578
1452231321
877430224
663031036
1269100687
1066889923
1605521518
489520081
1831914574
572036275
926475388
1458907612
798267787
39668192
1246705231
952731830
1457561744
786747300
1830198619
1815210012
1905980380
2079589227
691164383
1449209276
597830942
1439148183
417928638
2135883680
767015008
1968108020
2056076142
1364781876
2003332929
1888151763
2008352265
2083173109
1718904411
111078341
2039720833
439717048
214101699
166207221
48040433
141605524
1920855470
1135953955
1797844238
1092257902
88067120
1393963065
350746812
978802719
1769038112
1246839947
348875453
1367148100
2083084056
1988088240
1495401860
506696097
1345630361
238866935
1010800168
569937714
680012875
1557653896
732538740
1335989456
391408481
1992149529
2107315227
1272079485
796056603
190896201
1352223240
1704870476
1946126949
1820363933
2020683988
39354096
2144606365
1742449172
773768529
529457375
911884914
1455490152
1275173955
2062104098
753953768
1748250596
2121375278
601094332
2113986167
974591197
359296587
51417012
1024751187
27197646
1001983636
925128385
263430599
854290196
570323710
1120417426
1173664955
209609538
1494406599
512571319
356823636
1631178530
1258340069
2106006063
2020069050
1208163913
822857886
1553243022
989924085
182821206
1999014709
1835906507
1766092016
840839879
1794857410
748339364
1810724256
1032195959
157309467
276561838
1967888190
100170936
1976725998
104318717
1615891888
271480329
327901937
1885208683
304651014
1690647668
403681328
217217929
1210239519
1364738439
1993098885
301732384
917469548
1919191020
2041117222
525159266
354258892
1823683495
846465880
1385940914
1084415383
149595116
1977353282
986078989
1178749879
675352731
2104517084
83786771
1584044784
331433305
1878432262
554163638
416453951
2143401036
1701327029
562727294
121877344
616020594
1464315464
354769014
684873834
1628737439
298150137
1361848502
1955784086
1794571281
2072654703
644046222
1431111709
1540656561
1879908975
54196300
1529004863
1567532777
1278917555
1353069483
716626015
2048090396
2047279059
458304472
1396068171
670031046
443081056
1095023906
669188250
1874409778
1968495376
346121021
1920541743
1003163090
1974826771
1234993970
1747453402
430825278
2134620548
1022896615
318120477
1248176588
1112440827
2003036486
392891659
1703951304
1853818943
1647713805
509453644
1776073040
786034713
1834453042
317404478
778126287
273621059
2041561073
1963213878
828989204
1046492287
1837085043
1002830308
1646743054
74191557
1769990428
